0	-32.1797	-5.65528	6.87745	-0.494094	-0.563024	0.378024	0.544034
0	-27.7041	-6.00677	5.69235	-0.344029	-0.628251	0.448782	0.534358
0	-28.1488	-8.57016	1.46712	-0.505672	-0.316864	0.513068	0.616972
0	-30.6339	-9.10682	4.39348	-0.460452	-0.519979	0.582233	0.422624
0	-25.9705	-5.29252	2.7301	-0.494844	-0.548077	0.425409	0.523228
0	-27.6124	-9.71171	-0.068189	-0.474182	-0.454753	0.62352	0.423761
0	-27.1385	-5.69179	1.37456	-0.525379	-0.521469	0.408341	0.53414
0	-31.5693	-6.53703	6.39542	-0.472764	-0.383624	0.567133	0.554696
0	-26.8878	-2.93064	5.85491	-0.590251	-0.440542	0.408116	0.539415
0	-25.4315	-7.63145	2.70604	-0.512516	-0.391095	0.470648	0.602381
0	-32.0122	-10.0398	4.53422	-0.498052	-0.293245	0.572994	0.581059
0	-29.6777	-10.6499	1.13893	0.557064	0.503209	-0.494329	-0.438291
0	-27.5032	-2.84939	-1.62332	-0.425005	-0.502883	0.466593	0.590568
0	-27.5075	-7.04611	8.13686	-0.538204	-0.429921	0.441925	0.574635
0	-29.348	-8.39786	0.502178	-0.514066	-0.573085	0.584054	0.257275
0	-30.9397	-6.97998	6.1733	-0.424567	-0.438309	0.505976	0.609604
0	-32.1373	-3.96289	0.031825	-0.456785	-0.538206	0.364409	0.607362
0	-28.7391	-9.37744	6.71502	-0.428918	-0.55834	0.442017	0.555794
0	-31.263	-2.41863	-2.3275	-0.535795	-0.332602	0.609542	0.480373
0	-29.1701	-6.3063	-1.1259	0.654984	0.524022	-0.373879	-0.395742
0	-34.262	-8.35427	-1.49444	0.592379	0.49756	-0.530936	-0.345873
0	-32.354	-8.91664	5.43258	-0.348436	-0.476404	0.661401	0.462796
0	-30.9737	-3.46522	2.93877	-0.461034	-0.41178	0.643431	0.451532
0	-29.8513	-5.71236	2.95441	-0.48566	-0.527907	0.467585	0.516539
0	-33.729	-7.49283	1.06276	0.378925	0.581094	-0.565765	-0.445708
0	-27.0327	-7.33179	0.916512	0.522717	0.52311	-0.50516	-0.4449
0	-30.1741	-7.70668	4.48514	-0.556131	-0.483829	0.428154	0.522792
0	-36.8586	-8.6641	0.315861	0.627705	0.522444	-0.418313	-0.397558
0	-33.7422	-5.03003	2.30076	-0.588041	-0.434859	0.396101	0.555165
0	-32.8649	-11.8494	2.57227	-0.460918	-0.4533	0.578454	0.497458
0	-38.9664	-7.29898	2.25158	0.592242	0.502818	-0.50737	-0.372825
0	-36.5682	-4.66579	4.22336	-0.492081	-0.384522	0.51296	0.588958
0	-32.3611	-9.81593	4.66077	-0.226308	-0.578183	0.574877	0.532922
0	-35.1616	-8.47713	3.52203	-0.554849	-0.352104	0.500782	0.563367
0	-32.2068	-6.03134	3.63127	0.610135	0.436463	-0.458655	-0.476309
0	-37.4225	-2.67773	2.10569	-0.53834	-0.369076	0.597923	0.465253
0	-37.6877	-13.3256	0.170499	0.417131	0.572125	-0.559073	-0.431407
0	-37.5302	-6.72374	1.50569	-0.262349	-0.52486	0.571692	0.573466
0	-35.1946	-7.9189	2.86837	-0.457399	-0.441891	0.381793	0.670636
0	-40.1673	-2.97727	-0.169139	0.618559	0.374498	-0.514477	-0.460922
0	-37.3661	-6.48222	0.161953	-0.490117	-0.435339	0.543725	0.52405
0	-36.036	-10.1474	-0.828689	0.37146	0.628174	-0.5582	-0.394751
0	-41.606	-1.93062	-7.3255	-0.460207	-0.549336	0.594693	0.364388
0	-43.0942	-3.80007	5.68526	-0.421178	-0.435402	0.529636	0.593734
0	-42.4365	-6.82566	4.15996	-0.455867	-0.391519	0.595268	0.533436
0	-39.6375	-7.09594	2.13643	-0.419158	-0.540427	0.649439	0.332375
0	-44.7122	-5.06421	0.851223	-0.384498	-0.340682	0.664252	0.543016
0	-41.021	-12.1529	2.14188	-0.450642	-0.509081	0.58984	0.435715
0	-50.986	-9.64559	1.72304	0.612615	0.44031	-0.53533	-0.379805
0	-41.6708	-3.71973	3.82871	-0.493973	-0.419389	0.502227	0.5726
0	-39.7327	-4.6978	-1.56489	-0.486658	-0.567175	0.349086	0.565346
0	-46.4538	-12.0274	1.0666	0.545568	0.463024	-0.512361	-0.474817
0	-46.4446	-7.91961	0.280104	-0.377527	-0.573718	0.443911	0.575556
0	-45.2284	-8.92508	-0.765702	-0.480383	-0.350238	0.596297	0.53944
0	-46.1005	-8.47764	4.10339	0.613931	0.436492	-0.548475	-0.362959
0	-45.3525	-4.71092	-1.14093	0.452416	0.533965	-0.532238	-0.476365
0	-47.333	-6.31369	2.39395	-0.597497	-0.365256	0.392902	0.595998
0	-53.5501	-5.20543	1.03932	-0.498014	-0.485258	0.590635	0.409459
0	-47.3894	-11.9022	4.65928	-0.345183	-0.537601	0.485062	0.597117
0	-52.8759	-5.0376	0.330863	-0.239771	-0.540846	0.55992	0.580074
0	-52.8857	-8.54556	-4.53791	-0.349978	-0.641065	0.439098	0.523206
0	-54.4963	-3.86429	1.28224	-0.461737	-0.515121	0.560542	0.455238
0	-54.2693	-7.99768	2.12587	-0.342376	-0.203924	0.739523	0.542494
0	-50.6518	-7.04159	7.31863	-0.339394	-0.647806	0.438744	0.522171
0	-54.9577	-7.9912	3.51946	-0.411914	-0.530225	0.465046	0.576992
0	-57.5074	-11.4978	1.90086	-0.450089	-0.473735	0.542294	0.528121
0	-51.5018	-7.25805	4.90708	-0.583459	-0.444278	0.418603	0.53569
0	-56.1412	-8.58723	2.9231	-0.516467	-0.503786	0.597894	0.349262
0	-58.7065	-9.90035	10.7096	0.529355	0.49277	-0.517271	-0.457593
0	-60.9134	-6.54331	6.77099	-0.528986	-0.496945	0.578118	0.372826
0	-56.9091	-3.28082	2.49528	0.618751	0.456081	-0.430829	-0.472783
0	-58.6891	-7.28162	5.37357	-0.528569	-0.452725	0.426625	0.577621
0	-62.7896	-12.729	6.34263	-0.467914	-0.38994	0.601434	0.516991
0	-65.4921	-12.6345	-0.861668	-0.281388	-0.528469	0.458014	0.657088
0	-60.9418	-1.64191	6.08262	-0.280081	-0.41697	0.563211	0.656113
0	-61.7184	-13.2824	3.65423	-0.342331	-0.508008	0.47876	0.628908
0	-60.7254	-8.17582	0.329747	-0.421416	-0.422261	0.58658	0.547749
0	-71.227	-8.44412	1.80456	-0.504943	-0.494537	0.505073	0.495345
0	-67.5443	-3.32562	3.5714	0.57744	0.419706	-0.570314	-0.406388
0	-75.7313	-5.83185	0.223314	-0.441967	-0.356506	0.588732	0.575294
0	-71.9516	-9.69723	-1.72202	0.672556	0.38762	-0.412369	-0.476835
0	-74.2104	-11.5907	4.56047	-0.524506	-0.27899	0.506124	0.625217
0	-76.9728	-10.8084	2.91408	-0.427146	-0.503312	0.417125	0.624684
0	-71.6188	-11.9381	1.25407	-0.436721	-0.391083	0.615258	0.527054
0	-77.9067	-12.0277	2.83904	-0.541433	-0.375006	0.487778	0.572968
0	-75.7758	-10.3683	4.93608	0.485469	0.614446	-0.534091	-0.318627
0	-78.3794	-4.85125	-1.51786	-0.459747	-0.243354	0.609413	0.598354
0	-76.9519	-6.03946	2.11724	-0.503787	-0.517606	0.426269	0.54459
0	-80.5432	-7.4936	5.45351	-0.347622	-0.530357	0.652258	0.41526
0	-76.9788	-9.94068	3.52532	-0.370269	-0.510682	0.529533	0.567186
0	-79.2123	-7.4747	-0.861834	-0.416014	-0.446236	0.67079	0.421719
0	-76.771	-3.52849	0.578913	-0.494074	-0.506099	0.537494	0.45919
0	-84.8947	-10.4444	1.8713	-0.591521	-0.519713	0.343461	0.511894
0	-84.2654	-2.26457	5.15223	-0.475088	-0.490262	0.573177	0.453213
0	-88.2697	-10.5809	3.34751	-0.353397	-0.533725	0.431923	0.635366
0	-87.9057	-6.96537	1.76223	0.589804	0.344437	-0.568362	-0.458759
0	-90.8327	-8.72365	3.41264	-0.334751	-0.555664	0.51915	0.556474
0	-88.899	-6.78069	4.24725	-0.45097	-0.639919	0.348874	0.515186
0	-84.8327	-5.62314	0.276109	-0.418962	-0.484984	0.444134	0.626104
0	-88.731	-9.77694	3.27322	-0.529226	-0.424713	0.410159	0.609351
0	-93.0904	-9.95384	-0.932444	-0.454349	-0.393086	0.483851	0.636348
0	-93.5411	-6.46909	2.24685	-0.246733	-0.511148	0.430787	0.701622
0	-98.4391	-8.76526	5.8198	-0.32144	-0.503421	0.54163	0.591507
0	-101.797	-7.75852	0.427333	-0.524154	-0.504055	0.588631	0.353136
0	-102.123	-12.92	0.490691	-0.400106	-0.382036	0.504767	0.662702
0	-100.651	-3.42276	-0.451141	0.411842	0.586257	-0.559127	-0.417212
0	-102.039	-6.10377	3.50404	-0.296915	-0.546798	0.42327	0.658556
0	-106.696	-5.3371	6.75061	-0.333306	-0.561868	0.451978	0.607394
0	-109.692	-8.09501	5.29709	-0.41187	-0.538469	0.572622	0.460997
0	-108.302	-8.1247	1.82065	0.559423	0.484504	-0.544018	-0.395407
0	-105.82	-9.16944	4.72623	-0.378355	-0.373283	0.550406	0.643864
0	-105.385	-5.27359	7.9301	-0.379513	-0.550929	0.541876	0.508742
0	-109.757	-9.02294	6.25864	-0.400375	-0.547703	0.522274	0.516674
0	-115.532	-9.83152	6.08794	-0.254435	-0.450652	0.720309	0.461876
0	-109.924	-12.5874	1.94013	-0.343456	-0.520476	0.695874	0.356233
0	-107.502	-0.743371	2.32638	0.0842764	0.773536	-0.59437	-0.203137
0	-117.524	-12.3983	1.70015	-0.258992	-0.579768	0.770542	0.0552988
0	-112.827	-12.1822	-0.931181	0.161383	0.702243	-0.682741	-0.121141
0	-111.919	-14.3123	3.05206	0.152383	0.709995	-0.686857	-0.0302314
0	-114.063	-11.8807	-0.120214	-0.0280372	-0.639223	0.720025	0.268647
0	-111.603	-16.8477	4.81518	0.128117	0.734081	-0.662085	0.0797169
0	-114.883	-19.771	0.932893	-0.101581	-0.65089	0.740769	-0.131468
0	-109.393	-21.8761	5.24896	0.0933353	-0.682362	0.724996	0.00709576
0	-118.186	-19.9294	-1.55301	-0.0245751	-0.656048	0.749022	-0.0892368
0	-114.312	-23.0569	3.9286	0.129307	0.738286	-0.65638	0.0859008
0	-114.112	-26.0096	1.19776	-0.00478973	-0.637466	0.743209	0.203114
0	-112.014	-25.1885	6.59869	-0.0168807	0.750866	-0.655413	-0.0796884
0	-107.666	-33.1645	1.01555	0.0223218	-0.691295	0.719104	0.0671014
0	-116.653	-25.9679	4.25788	-0.155428	-0.616234	0.771167	0.0374097
0	-114.525	-31.4565	1.32528	-0.0669537	0.733405	-0.676417	-0.00970188
0	-107.76	-32.8296	3.03756	-0.0957788	-0.685346	0.715292	0.0973912
0	-113.501	-33.8179	3.38773	0.0201819	-0.581034	0.799487	0.151038
0	-116.152	-35.934	2.15835	-0.0565076	0.703756	-0.687805	-0.168699
0	-114.091	-39.6202	4.47807	0.150764	-0.601804	0.77986	0.0831888
0	-113.29	-35.4525	6.57214	0.116074	0.745822	-0.647971	-0.102034
0	-113.812	-38.7684	0.246866	0.181292	-0.654633	0.733217	-0.0313233
0	-105.065	-48.0903	7.8274	-0.0813684	-0.55769	0.825881	0.0167947
0	-110.962	-44.7551	-2.68383	0.0280529	-0.5833	0.806642	0.0911214
0	-115.331	-45.7715	4.37454	0.00740645	-0.632064	0.773064	0.0530267
0	-116.396	-51.3492	2.86825	0.082289	-0.648317	0.753032	0.0765213
0	-115.437	-52.4031	0.402386	0.00693758	-0.635377	0.771149	-0.039697
0	-118.899	-56.1299	4.22232	-0.301681	-0.645063	0.684249	-0.157116
0	-115.274	-52.5716	-1.02093	0.0573245	-0.658874	0.74844	-0.0493679
0	-117.985	-50.7712	3.2818	0.0208464	0.76499	-0.62713	0.145136
0	-117.998	-53.9809	2.59838	0.0726116	-0.623587	0.773828	0.0840104
0	-117.5	-58.072	6.76761	-0.0972347	0.748846	-0.655518	-0.00842121
0	-116.273	-55.1955	6.74556	0.101474	0.718272	-0.687555	0.0324987
0	-116.715	-60.3587	9.35984	0.0101669	0.738058	-0.67239	0.0553018
0	-118.238	-63.7795	-2.26994	0.0938906	0.888066	-0.44175	-0.0859127
0	-115.62	-62.2207	-2.52814	0.0582933	0.732772	-0.673666	0.0762975
0	-115.931	-66.2195	5.93089	0.0490485	-0.669095	0.740411	0.0412139
0	-118.1	-72.3102	-0.247542	-0.0368007	-0.531713	0.844086	0.0587075
0	-115.158	-74.3164	-1.25471	0.16419	-0.571449	0.804022	-0.0060723
0	-114.743	-77.1845	4.95253	0.0606829	-0.589134	0.764701	0.253912
0	-114.387	-76.4325	8.77634	-0.155993	-0.555464	0.816748	-0.00702367
0	-113.111	-76.1465	2.42868	-0.00843603	-0.559569	0.828728	-0.00457436
0	-121.565	-72.9333	-0.951692	0.0855652	0.713745	-0.695008	-0.0145014
0	-115.031	-75.1892	1.07125	0.268991	0.775028	-0.513992	-0.250574
0	-121.465	-76.9669	3.99651	-0.26179	-0.407496	0.73597	0.473034
0	-115.092	-75.0039	2.36681	0.42065	0.60789	-0.524773	-0.422063
0	-122.041	-84.545	6.30448	-0.279815	-0.405516	0.731528	0.471304
0	-123.952	-80.3512	4.40914	-0.335802	-0.499778	0.595027	0.532356
0	-124.145	-79.9901	-0.569266	-0.278453	-0.366982	0.699277	0.546626
0	-123.542	-89.8349	7.44688	-0.481868	-0.256104	0.355885	0.758656
0	-135.365	-79.388	1.68865	-0.43821	-0.424685	0.549021	0.571132
0	-129.19	-83.9864	7.65134	-0.451335	-0.411871	0.556195	0.563299
0	-130.463	-78.1181	4.32751	-0.521633	-0.507037	0.558435	0.398702
0	-131.147	-88.2497	6.92563	-0.473211	-0.444987	0.522496	0.552319
0	-142.81	-78.5565	1.38564	-0.43718	-0.407521	0.572452	0.561337
0	-138.857	-91.0527	1.99775	-0.46048	-0.495767	0.615615	0.403969
0	-139.816	-80.9068	7.24495	0.601807	0.487605	-0.456023	-0.438307
0	-145.807	-81.4432	0.849953	-0.452021	-0.445797	0.551039	0.54157
0	-140.682	-85.4625	-0.0559956	-0.321943	-0.514809	0.567352	0.55627
0	-146.174	-84.1825	1.42198	-0.368751	-0.575159	0.5241	0.508464
0	-149.902	-87.6083	-2.98501	-0.403475	-0.471105	0.665563	0.415084
0	-148.709	-83.4476	6.09119	-0.541891	-0.461719	0.561165	0.422213
0	-154.689	-83.6139	0.862358	-0.359891	-0.445977	0.580973	0.577974
0	-160.944	-81.9031	0.368642	-0.428514	-0.486136	0.496251	0.577739
0	-156.127	-88.4634	4.93165	-0.414689	-0.494518	0.514885	0.56425
0	-156.915	-81.9249	1.04457	-0.48847	-0.478651	0.540513	0.490036
0	-159.985	-80.1028	3.47612	-0.49627	-0.321373	0.442992	0.673938
0	-165.714	-80.0905	6.95769	-0.550231	-0.152507	0.177783	0.801487
0	-160.892	-77.2271	4.28603	-0.703433	0.0968968	-0.0740951	0.700217
0	-166.724	-74.3611	0.397035	-0.751244	0.0100189	0.141147	0.644678
0	-166.561	-71.1211	5.80993	-0.657817	0.180819	-0.0161974	0.730971
0	-162.604	-68.3832	4.18422	-0.574082	-0.0759809	0.0494536	0.813763
0	-164.864	-71.3519	4.31954	-0.599543	-0.23325	-0.188255	0.742094
0	-162.603	-69.0742	3.07302	-0.702077	0.00643313	0.000964776	0.712071
0	-160.207	-58.2936	3.43508	-0.636335	-0.143884	0.0305137	0.757261
0	-162.489	-65.7282	1.62854	-0.687717	0.239373	-0.0375145	0.684353
0	-165.247	-59.5276	-1.92103	-0.652577	-0.0141168	0.0215887	0.757283
0	-161.943	-60.8573	0.147107	-0.731338	-0.0797168	-0.0719978	0.673503
0	-162.759	-56.2305	2.87051	-0.557047	0.0712993	-0.0699586	0.824452
0	-166.102	-50.1803	3.4165	-0.658929	-0.0669389	0.00367033	0.749212
0	-162.602	-45.0066	1.94503	-0.498455	0.233993	-0.109668	0.827504
0	-158.903	-45.6233	-2.0395	-0.666886	0.0449309	-0.0877856	0.738605
0	-167.197	-50.4597	7.46237	-0.701747	-0.00338851	-0.247523	0.668036
0	-163.72	-41.2296	-0.54819	-0.767211	-0.0740961	0.0222226	0.636713
0	-164.517	-35.9395	4.74425	-0.620366	0.0817706	0.26843	0.732397
0	-159.849	-42.8893	-0.429285	-0.698936	-0.0525893	0.0890267	0.707671
0	-163.261	-40.7713	5.20996	-0.635394	0.121414	-0.0345371	0.761801
0	-159.841	-37.63	3.57222	-0.733716	0.036401	0.0237613	0.678065
0	-167.29	-30.2326	4.03497	-0.747461	0.0131427	-0.11945	0.653346
0	-163.605	-33.9118	7.12481	-0.488745	0.0479656	0.18929	0.850292
0	-164.132	-30.6113	0.601926	-0.723982	0.135331	0.0824361	0.671371
0	-162.924	-28.0745	2.23987	-0.679023	-0.0460307	-0.0123131	0.732569
0	-164.964	-28.5747	-1.27798	-0.651743	0.0105476	-0.144535	0.744466
0	-164.575	-23.1257	0.841378	-0.60652	0.01057	0.0690265	0.791995
0	-160.539	-18.1899	4.6903	-0.806144	0.0248848	0.0497349	0.5891
0	-164.036	-18.4787	2.31794	-0.607744	-0.0462648	0.0462189	0.791436
0	-165.443	-17.1855	6.0348	-0.824086	0.026626	-0.0281799	0.565137
0	-165.51	-12.0458	-1.06001	-0.628157	0.0403032	0.0943749	0.77129
0	-167.316	-11.7853	3.14773	-0.665795	0.177456	0.0169522	0.724527
0	-170.871	-7.52939	3.28119	-0.776944	0.00846807	-0.0191514	0.629222
0	-163.757	-8.27465	4.55374	-0.676789	0.0811761	-0.117364	0.722213
0	-162.517	-3.3836	-0.267499	-0.494815	-0.105109	-0.0374344	0.861806
0	-160.536	-2.5906	1.61064	-0.685321	-0.0952232	0.0255599	0.721536
0	-164.901	-6.51491	4.71592	-0.757744	-0.116051	-0.0867585	0.636261
0	-170.779	0.944109	4.46278	-0.682786	0.0198547	0.16015	0.712574
0	-164.068	6.536	-0.526958	-0.626649	0.0357393	-0.0653919	0.77573
0	-165.606	4.3624	-0.719895	-0.645224	-0.106738	-0.0343214	0.755722
0	-163.145	6.28705	6.03663	-0.572731	-0.0335616	0.0212224	0.818781
0	-164.609	12.6472	8.70003	-0.541618	0.15338	-0.0471976	0.825165
0	-164.465	15.4957	11.2849	-0.744584	0.0399364	0.0872407	0.660598
0	-156.868	16.9648	3.02704	-0.629276	-0.074259	0.0354687	0.772812
0	-167.588	16.8813	-0.0607633	-0.730886	0.0177291	0.0422356	0.680961
0	-166.106	15.4512	5.1093	-0.57078	-0.11964	0.00805626	0.8123
0	-161.883	22.4344	0.411151	-0.709279	-0.051068	-0.0168829	0.702873
0	-164.082	26.1194	6.76746	-0.685333	-0.0601526	0.0217368	0.725416
0	-162.585	20.9692	2.47005	-0.641713	-0.130323	-0.00246836	0.755788
0	-168.342	33.3364	1.27435	-0.649529	-0.262253	-0.0751487	0.70971
0	-159.874	37.6214	3.32684	-0.784083	0.0905044	-0.111646	0.603786
0	-164.515	31.8496	6.74034	-0.622223	-0.0722571	0.139385	0.766935
0	-160.871	38.8961	7.66048	-0.740235	-0.058461	0.322227	0.5872
0	-166.475	43.4831	5.99381	-0.590749	-0.219758	-0.168569	0.75783
0	-159.548	41.3739	0.862129	-0.661762	-0.0431939	-0.0415859	0.747312
0	-165.512	41.7775	-2.45594	-0.672011	0.12997	-0.0637331	0.726256
0	-165.551	47.0506	1.35012	-0.548609	0.0327418	0.060296	0.833259
0	-166.614	43.6121	1.95222	-0.574363	-0.155993	-0.0936802	0.798121
0	-163.397	52.271	0.62289	-0.660546	-0.0169102	-0.0481223	0.749051
0	-160.455	50.9886	6.67059	-0.657703	0.211207	0.0753901	0.719121
0	-162.92	56.9183	3.86145	-0.766334	-0.0805545	0.0126662	0.637246
0	-159.921	63.6974	1.79332	-0.71957	0.0136595	0.0843321	0.689145
0	-162.598	65.9734	5.82528	-0.772555	0.108273	-0.0132982	0.625507
0	-159.182	64.5156	7.11358	-0.683251	0.0185127	-0.127095	0.718799
0	-158.306	65.6353	5.49084	-0.551278	0.0589808	0.0326893	0.831592
0	-162.286	69.5591	5.06395	-0.738562	0.0664689	-0.148862	0.654178
0	-162.169	67.8059	4.90553	-0.569217	-0.0736401	0.126868	0.808996
0	-157.237	71.9556	-2.63018	-0.560313	0.0907811	-0.0404912	0.822294
0	-159.91	75.3821	7.59557	-0.582134	-0.0238048	-0.357603	0.729844
0	-163.791	76.7855	4.08821	-0.601922	0.442013	-0.229917	0.624062
0	-156.863	73.8517	4.88014	0.56478	-0.432254	0.547057	-0.441485
0	-156.305	72.3039	2.81592	-0.355604	0.501147	-0.560926	0.554761
0	-160.406	78.9268	5.81444	-0.451396	0.483641	-0.46989	0.584411
0	-148.205	74.8296	2.79409	-0.51018	0.392622	-0.468318	0.60518
0	-149.054	80.322	8.38964	-0.497499	0.381217	-0.521694	0.578795
0	-146.884	73.9432	3.09635	0.548572	-0.302824	0.649916	-0.430088
0	-147.787	78.9726	4.46621	-0.28627	0.563455	-0.577891	0.516344
0	-142.412	76.9532	5.42107	0.454024	-0.269724	0.726076	-0.44037
0	-143.529	78.3573	4.5295	-0.488605	0.516472	-0.502201	0.492256
0	-140.504	82.6435	2.72744	-0.455133	0.433172	-0.573466	0.525692
0	-137.2	76.6665	2.3809	0.612161	-0.459895	0.451585	-0.458068
0	-131.962	74.4282	4.12997	-0.396631	0.524685	-0.505583	0.558368
0	-131.538	72.7347	0.25831	-0.460792	0.551355	-0.499228	0.4842
0	-126.7	77.7654	2.54549	-0.459569	0.269877	-0.463651	0.707807
0	-129.657	80.244	4.38185	-0.289815	0.491626	-0.621283	0.536953
0	-124.86	77.438	-0.2393	0.508357	-0.459282	0.535316	-0.494034
0	-122.081	78.4307	-1.09758	-0.443557	0.490922	-0.535079	0.525303
0	-117.906	78.1223	7.00614	-0.516345	0.521526	-0.406747	0.544018
0	-119.338	78.9476	-1.63389	-0.400615	0.263496	-0.631583	0.609246
0	-113.487	83.1126	2.48093	-0.456745	0.537339	-0.532977	0.467531
0	-110.013	78.2219	2.36915	-0.42548	0.454349	-0.600152	0.502346
0	-114.595	78.3307	5.59767	-0.419396	0.461087	-0.548127	0.55773
0	-106.91	76.1471	-0.677723	0.353242	-0.512286	0.612111	-0.487959
0	-106.827	78.8451	1.75683	-0.490672	0.598855	-0.45265	0.442404
0	-103.958	78.406	3.13496	-0.447452	0.470743	-0.553939	0.520902
0	-101.444	78.3579	-0.18764	0.542501	-0.456728	0.521658	-0.474304
0	-100.821	79.9367	-1.75916	0.463866	-0.437112	0.590267	-0.495324
0	-96.5755	77.6919	4.11229	0.664811	-0.475152	0.315415	-0.482462
0	-94.1492	77.1231	4.75886	-0.42765	0.575271	-0.42817	0.550317
0	-90.5441	76.5133	9.51472	-0.502231	0.483307	-0.441341	0.565152
0	-87.5043	71.6095	5.28598	-0.384002	0.49579	-0.512898	0.586234
0	-82.7824	73.7296	7.108	-0.461011	0.359583	-0.531222	0.613165
0	-85.4892	74.46	4.45209	-0.557687	0.438916	-0.45362	0.539043
0	-84.5809	74.1746	3.91653	0.485626	-0.49738	0.567066	-0.441833
0	-78.0158	79.1202	-1.44234	-0.527859	0.493331	-0.474405	0.502921
0	-74.273	72.6001	1.25037	-0.321068	0.585689	-0.515614	0.53668
0	-78.261	77.5564	-2.18108	-0.459683	0.325101	-0.545657	0.620693
0	-72.4293	78.9621	1.60839	0.538495	-0.388834	0.61476	-0.425325
0	-74.9798	76.2614	5.71337	-0.373241	0.438074	-0.540111	0.614054
0	-68.2151	68.9827	1.75102	-0.300909	0.519105	-0.596885	0.532646
0	-68.6867	78.2964	2.64148	-0.590157	0.356281	-0.515057	0.509406
0	-64.4999	77.0023	2.89399	0.378765	-0.471336	0.630189	-0.487074
0	-64.6571	71.884	4.62885	-0.490389	0.542573	-0.458813	0.504603
0	-63.0019	75.0095	2.66775	-0.615099	0.475659	-0.287711	0.559128
0	-55.8938	76.2802	1.44653	-0.408937	0.511622	-0.552207	0.515831
0	-53.7815	77.7181	4.99603	-0.446094	0.474945	-0.416301	0.63413
0	-53.9599	73.1718	1.19812	0.386184	-0.486972	0.604437	-0.498374
0	-49.4581	74.428	1.36214	-0.470044	0.49242	-0.466844	0.56448
0	-46.555	78.4976	-0.857783	0.526692	-0.364398	0.584225	-0.498488
0	-45.9184	75.2738	0.949418	-0.416956	0.365786	-0.622739	0.551855
0	-43.9731	76.0078	8.70728	0.444033	-0.523592	0.580397	-0.437979
0	-46.016	77.7334	2.80046	0.379479	-0.506113	0.672969	-0.383351
0	-38.4783	76.6882	-6.87689	-0.410428	0.453301	-0.31769	0.724666
0	-42.3324	79.743	4.36575	-0.555733	0.436829	-0.462943	0.534813
0	-32.7631	74.7499	2.58874	-0.474463	0.357569	-0.431327	0.678959
0	-33.7266	69.1804	1.97364	-0.359037	0.553233	-0.492567	0.567806
0	-34.8573	75.51	-3.02371	-0.419769	0.28877	-0.546264	0.664831
0	-27.2183	78.6097	-3.01977	-0.385589	0.347444	-0.65068	0.554273
0	-29.1656	78.6671	2.68144	-0.410684	0.511532	-0.548553	0.518424
0	-30.1059	74.6825	5.89219	-0.473677	0.337539	-0.584029	0.566222
0	-18.2929	77.8469	4.46819	-0.468028	0.380034	-0.504136	0.618361
0	-19.9166	73.612	1.15511	-0.339966	0.537936	-0.438402	0.634706
0	-14.995	78.7156	-0.878408	-0.334049	0.512258	-0.400816	0.682165
0	-17.2923	78.52	4.31655	0.652542	-0.380437	0.503948	-0.41892
0	-14.7313	78.8329	3.23107	-0.516945	0.446909	-0.505526	0.526767
0	-11.3169	80.852	0.854723	-0.405309	0.426088	-0.598126	0.544444
0	-7.39176	77.6662	8.23233	-0.462353	0.542799	-0.513087	0.477851
0	-6.44107	75.9534	6.60871	0.481577	-0.515987	0.609904	-0.360359
0	-1.30159	74.6072	-0.313898	-0.537632	0.37992	-0.541457	0.522912
0	-3.16547	77.0804	3.49521	-0.411086	0.61051	-0.565376	0.372339
0	-0.880867	78.7745	9.3032	0.226622	-0.668246	0.676386	-0.211169
0	-1.14244	72.8928	2.18565	0.0623442	-0.616132	0.752077	-0.225555
0	3.25245	71.1713	2.46475	0.139646	0.745192	-0.607648	0.236542
0	2.36923	64.8023	-1.10842	-0.0185412	-0.474962	0.879804	-0.00346739
0	0.673818	70.7455	1.91774	0.0309118	0.729598	-0.681089	0.0533776
0	3.74228	66.8935	6.39605	-0.000849968	0.755055	-0.655651	-0.00358221
0	-1.89185	62.6426	5.42799	-0.122195	-0.646347	0.752875	0.0219807
0	4.15507	60.8628	-0.662871	-0.110225	-0.701408	0.703926	0.0191127
0	-1.97714	56.8104	3.50127	-0.0903802	-0.621133	0.771931	-0.100737
0	1.73779	51.8278	8.22829	0.118565	-0.478175	0.869212	0.0419699
0	5.38087	60.6995	3.58719	0.0328763	0.749127	-0.645044	0.147126
0	-0.672093	57.3969	2.25189	-0.121002	0.720822	-0.67877	0.0710319
0	4.10459	53.2674	2.40272	-0.0269088	-0.686773	0.722104	0.0786484
0	-2.67519	49.1359	2.49034	-0.0341991	-0.654192	0.754067	-0.0473847
0	3.59659	44.9881	4.51966	-0.00705869	0.758628	-0.640822	-0.117397
0	-0.530561	45.1113	4.9815	0.0457555	-0.652369	0.756015	-0.0276311
0	2.54746	45.8965	-2.76338	0.0541672	0.717037	-0.674281	-0.168133
0	1.95629	38.516	5.69652	-0.0588058	-0.697038	0.71447	0.01455
0	-4.47162	40.5084	2.20727	-0.00512595	-0.573952	0.814349	-0.0859561
0	2.78163	33.7209	2.0222	-0.0471312	-0.611982	0.784683	-0.0867656
0	-1.94744	31.1117	7.33354	0.105911	-0.67852	0.721127	-0.0914831
0	1.07178	31.5694	6.29101	-0.053526	-0.649468	0.69035	0.314234
0	-5.6638	32.1362	4.61917	0.0271563	-0.593296	0.791683	0.143178
0	0.564349	36.2375	0.597945	-0.0315546	-0.638104	0.766571	-0.0647762
0	5.15193	32.3134	1.44254	0.0325343	-0.600603	0.797138	0.0528118
0	-1.26794	24.6551	1.16889	0.084879	-0.576829	0.79219	0.180272
0	4.18382	21.1055	4.56487	-0.0431541	-0.566515	0.822921	-0.000216655
0	0.83793	23.5054	-0.430244	0.0115349	-0.690402	0.720552	0.0633782
0	3.21657	19.0751	0.481963	-0.0560356	-0.656052	0.752446	-0.0167518
0	-0.809823	19.0623	5.29787	0.129398	-0.619351	0.774226	-0.0153126
0	3.44015	14.3553	2.83326	0.0311982	-0.49218	0.869443	0.0292328
0	3.41953	16.9204	8.39611	0.0876288	-0.651805	0.749188	-0.0786645
0	7.56099	13.1091	0.0403137	-0.0987372	-0.624785	0.77373	0.0351651
0	4.16587	11.5371	4.93701	-0.0509979	-0.616669	0.784833	0.0339972
0	-1.12393	1.7683	2.11215	-0.15382	-0.600678	0.784058	0.0279052
0	-4.67035	7.05277	8.11356	-0.010376	-0.616805	0.766252	-0.179727
0	6.59358	9.75153	3.25036	-0.0776274	-0.636665	0.767168	0.00921309
0	4.82901	5.33627	3.18643	0.000900074	-0.51236	0.85877	-0.000172136
0	5.14201	-0.1643	5.28575	0.0430984	-0.694609	0.708022	0.119856
0	3.96261	5.69311	0.184229	0.147463	-0.690303	0.707466	-0.0350309
0	3.80946	2.84498	3.8762	0.0257695	-0.662998	0.743066	-0.0873089
0	7.78559	-0.620439	3.04395	-0.0837994	-0.599339	0.794711	-0.0469693
0	1.94417	-1.98861	5.76475	0.0921328	0.737676	-0.668688	0.0142351
0	2.12798	-5.0486	3.82971	-0.249734	-0.588135	0.746209	0.18682
0	-2.47191	-9.49158	-1.12643	-0.304303	-0.609141	0.637065	0.361239
0	-1.23573	-6.91432	4.78449	-0.396591	-0.549905	0.433482	0.593644
0	-5.19978	-7.5508	6.0083	-0.402033	-0.396219	0.687778	0.456444
0	-11.0497	-6.02264	4.53865	-0.396072	-0.422442	0.572309	0.580631
0	-0.503548	-6.88823	-0.700853	-0.478514	-0.541045	0.461401	0.515174
0	-4.83046	-6.70953	3.60664	0.636465	0.448936	-0.42611	-0.460217
0	-12.1513	-5.94488	3.6178	-0.444886	-0.429954	0.589216	0.519654
0	-8.06337	-7.9475	-0.466847	-0.333667	-0.564324	0.447749	0.60805
0	-14.4504	-4.84519	3.08308	-0.388665	-0.230975	0.523972	0.721833
0	-16.2126	-7.91884	6.63684	0.64414	0.38975	-0.441447	-0.488164
0	-18.4195	-7.62837	2.57304	-0.5471	-0.390858	0.479027	0.564309
0	-13.7447	-5.11371	3.81424	-0.333899	-0.460634	0.547041	0.614063
0	-17.5757	-9.01739	-1.93838	-0.335853	-0.47897	0.622402	0.520006
0	-16.3458	-8.45161	4.65365	-0.519596	-0.500426	0.283235	0.631958
0	-22.4163	-7.08849	11.9691	-0.463741	-0.280296	0.702793	0.460933
0	-27.7729	-8.02546	7.24879	-0.494764	-0.445972	0.468056	0.580724
0	-21.7603	-5.61398	-0.395819	-0.478438	-0.530915	0.469826	0.518159
0	-23.8737	-6.78185	3.15819	-0.428881	-0.562902	0.388898	0.589881
0	-30.3451	-6.85097	-0.603869	-0.501784	-0.468745	0.477033	0.548571
0	-34.2903	-9.34138	9.33877	0.512448	0.560513	-0.546776	-0.352504
0	-30.7957	-5.16825	4.10479	-0.358221	-0.468919	0.422697	0.687837
0	-33.8123	-11.6743	3.04316	-0.545527	-0.447886	0.466042	0.533482
0	-33.6528	-8.70196	-0.353929	-0.430811	-0.530544	0.483929	0.546569
0	-36.758	-8.50116	5.57445	0.492737	0.636399	-0.441282	-0.396834
0	-37.2362	-5.45436	5.34893	0.417696	0.593981	-0.558078	-0.401578
0	-40.078	-12.0075	0.640753	-0.459974	-0.3449	0.52213	0.629959
0	-42.3673	-6.73953	5.10457	-0.401713	-0.543218	0.5609	0.478469
0	-39.5977	-9.26629	1.9109	0.57595	0.500035	-0.488622	-0.423669
0	-39.5786	-9.88901	5.56567	-0.602519	-0.411896	0.413518	0.544348
0	-47.4202	-7.16419	4.53737	-0.539599	-0.410504	0.647416	0.348098
0	-40.0058	-8.18842	6.88713	0.445962	0.553208	-0.49792	-0.497146
0	-43.2447	-5.01531	1.43054	-0.611688	-0.300129	0.507203	0.527736
0	-52.7277	-7.75069	6.4027	-0.56811	-0.517756	0.299678	0.565132
0	-49.2858	-2.22364	5.35687	-0.470682	-0.468009	0.590381	0.459212
0	-49.4968	-8.23348	1.52034	-0.371331	-0.510768	0.470537	0.616299
0	-50.1796	-8.37733	0.816843	-0.488078	-0.476522	0.469067	0.560967
0	-50.5531	-1.93883	-1.11989	-0.481791	-0.441745	0.62502	0.426719
0	-52.9903	-2.14274	4.97541	-0.519733	-0.32903	0.443424	0.651914
0	-59.6107	-9.19683	2.70841	-0.564384	-0.458223	0.335294	0.599233
0	-57.6357	-11.0166	-1.85314	-0.486202	-0.314188	0.60249	0.549454
0	-49.9809	-8.58179	5.4967	-0.524946	-0.379564	0.480054	0.591533
0	-64.0811	-6.29754	3.46759	-0.394941	-0.579628	0.370506	0.608916
0	-64.2871	-4.29113	-0.0280173	-0.55768	-0.510422	0.601624	0.257897
0	-56.7198	-4.82015	6.01771	-0.291407	-0.521449	0.473195	0.647503
0	-64.7909	-9.04484	5.42982	0.549804	0.599958	-0.319049	-0.485771
0	-65.2995	-5.51904	6.87737	-0.518248	-0.291685	0.563608	0.573311
0	-66.5697	-9.21156	6.93286	-0.399723	-0.46494	0.507708	0.605214
0	-65.0278	-4.47689	0.333443	-0.362306	-0.489059	0.670209	0.424706
0	-67.421	-9.17929	-0.30196	-0.496291	-0.377147	0.460835	0.631733
0	-70.6777	-8.404	2.51717	-0.471987	-0.406959	0.379487	0.683815
0	-68.8401	-8.78041	3.1137	0.538757	0.589731	-0.429883	-0.420903
0	-71.0582	-6.93514	1.90858	-0.328587	-0.431798	0.56566	0.620975
0	-70.8097	-3.97884	-0.325312	-0.463574	-0.330192	0.568209	0.594316
0	-71.784	-5.33618	0.853653	-0.545554	-0.383402	0.433196	0.606395
0	-77.5436	-9.60617	1.87572	0.310148	0.610637	-0.531045	-0.498921
0	-69.5384	-9.87139	3.43025	-0.472548	-0.452619	0.503806	0.563927
0	-82.297	1.76354	1.38563	-0.517231	-0.51558	0.56243	0.387714
0	-73.8028	-6.13478	2.32328	-0.478325	-0.495902	0.460502	0.559665
0	-77.9701	-8.90417	2.43405	-0.475328	-0.372588	0.656606	0.451786
0	-76.1816	-6.07711	0.194733	0.439911	0.675019	-0.402922	-0.434144
0	-77.0077	-11.0366	5.4049	-0.428925	-0.455661	0.546589	0.556449
0	-82.0178	-4.49787	5.30229	-0.506292	-0.500862	0.584345	0.389032
0	-81.0927	-3.67809	2.8626	-0.388239	-0.501168	0.574354	0.517898
0	-81.9665	-5.2443	2.94235	-0.484593	-0.508737	0.443248	0.556675
0	-84.4103	-2.61346	-3.8835	-0.392873	-0.519956	0.577181	0.492096
0	-89.0167	-6.87724	0.836516	-0.511084	-0.481357	0.528418	0.477349
0	-80.0223	-4.38109	4.26485	-0.403713	-0.393376	0.652534	0.506428
0	-83.8445	-9.79631	4.79305	0.607325	0.4055	-0.480025	-0.486109
0	-82.6379	-5.93549	7.10066	-0.527615	-0.460029	0.436652	0.565094
0	-86.3727	-3.69382	-4.90085	-0.523113	-0.479324	0.387993	0.588271
0	-86.7112	-5.05349	1.44122	-0.361826	-0.572949	0.491683	0.546863
0	-92.8884	-4.43658	-2.88983	-0.327739	-0.540447	0.543097	0.552766
0	-89.5977	-8.909	4.36908	-0.362944	-0.337909	0.61248	0.615595
0	-94.0896	-9.22115	7.26847	-0.343152	-0.552673	0.520593	0.552976
0	-91.3546	-4.67635	3.16629	-0.479577	-0.476174	0.508249	0.533804
0	-90.4249	-4.0847	5.68573	-0.401802	-0.470908	0.496073	0.608861
0	-96.3442	-6.06116	3.06352	-0.562339	-0.407387	0.450222	0.561347
0	-93.9035	-8.93675	6.90645	-0.374295	-0.395343	0.624868	0.559595
0	-97.2556	-8.12588	1.01571	-0.381164	-0.576326	0.459896	0.557726
0	-94.0637	-4.33879	-3.43538	-0.542001	-0.400762	0.512999	0.531467
0	-91.1263	-11.9331	15.2139	0.60672	0.507282	-0.536077	-0.295257
0	-98.5177	-10.0819	11.0086	-0.602437	-0.437763	0.368123	0.556704
0	-103.157	-4.8136	4.23512	-0.439092	-0.322321	0.656983	0.521231
0	-93.3064	-2.22038	-1.67437	0.55039	0.526346	-0.426692	-0.487816
0	-93.4833	-12.95	0.314777	-0.554588	-0.34327	0.528279	0.543617
0	-99.0077	-5.39528	1.7548	-0.4999	-0.318682	0.499605	0.631614
0	-99.1696	-10.3203	4.8569	-0.485526	-0.38469	0.663056	0.420279
0	-103.315	-6.49879	9.45743	0.612024	0.345499	-0.535187	-0.468648
0	-98.413	-8.9208	3.69744	-0.473537	-0.300269	0.636046	0.530139
0	-105.001	-6.36911	7.96317	0.537632	0.501718	-0.490887	-0.467183
0	-100.567	-4.25843	3.7479	-0.522543	-0.476534	0.593091	0.384848
0	-101.383	-6.67202	-1.7374	0.454586	0.672116	-0.472055	-0.344638
0	-100.731	-7.39918	2.71823	-0.494793	-0.409817	0.558403	0.524802
0	-105.177	-7.08352	9.18285	-0.43322	-0.550088	0.437882	0.5639
0	-102.822	-10.4964	2.7461	-0.465321	-0.496635	0.629548	0.374832
0	-103.481	-6.79329	-0.369935	-0.515417	-0.4338	0.556284	0.486529
0	-109.441	-4.34005	4.80461	-0.456334	-0.390943	0.629901	0.492086
0	-110.012	-8.08322	4.06657	-0.475055	-0.490396	0.428639	0.591696
0	-108.498	-9.13736	4.80263	-0.477125	-0.479492	0.491186	0.548794
0	-104.309	-8.15371	-3.34037	-0.305333	-0.555309	0.570726	0.522183
0	-107.21	-6.42543	4.55902	0.503143	0.603676	-0.418731	-0.455068
0	-99.7832	-6.52588	2.40771	-0.349696	-0.436447	0.601996	0.569936
0	-103.843	-5.60519	5.26045	-0.491838	-0.204339	0.579858	0.616527
0	-103.443	-8.28378	8.91966	-0.458194	-0.345698	0.616838	0.538575
0	-112.148	-11.4005	2.08665	-0.480012	-0.435488	0.435407	0.624787
0	-109.943	-5.22474	0.608716	-0.511676	-0.537638	0.549551	0.38357
0	-108.157	-5.58403	4.62448	-0.406205	-0.475403	0.588623	0.51236
0	-112.062	-7.30609	3.62593	-0.306316	-0.459049	0.684231	0.47673
0	-111.835	-8.59081	6.45854	0.490522	0.569153	-0.506322	-0.423191
0	-107.978	-4.54993	-3.01646	-0.531023	-0.42888	0.493094	0.539384
0	-112.453	-3.76282	1.7974	-0.517962	-0.412522	0.621645	0.418447
0	-117.909	-4.00027	4.19283	-0.552712	-0.453176	0.488565	0.500445
0	-110.476	-9.39143	5.51727	-0.510271	-0.423478	0.583246	0.469163
0	-117.987	-1.32805	0.734211	-0.355091	-0.509102	0.605254	0.498391
0	-114.779	-3.60648	-1.78809	-0.455053	-0.370637	0.619124	0.521766
0	-108.334	-5.80079	-2.93528	0.439956	0.613284	-0.475924	-0.451461
0	-110.026	-9.15587	2.97635	-0.415362	-0.40997	0.616034	0.529057
0	-112.203	-7.0514	2.36753	-0.392182	-0.555354	0.407682	0.609567
0	-114.584	-7.12789	4.93677	-0.404785	-0.483417	0.545359	0.552305
0	-112.797	-5.9391	-3.33158	-0.541066	-0.342815	0.440794	0.62883
0	-114.48	-6.72481	-1.63658	-0.362226	-0.416785	0.495169	0.670738
0	-112.978	-9.73863	3.99929	-0.313198	-0.425993	0.483165	0.697845
0	-115.611	-9.83589	2.18102	-0.477805	-0.652696	0.223545	0.543799
0	-113.613	-9.44749	6.00832	-0.35789	-0.567498	0.361387	0.647504
0	-119.566	-4.13692	3.21873	-0.376097	-0.516572	0.508322	0.577333
0	-116.415	-9.83061	1.29341	-0.473886	-0.498289	0.460625	0.561216
0	-105.144	-4.49874	3.33704	-0.511605	-0.443742	0.437616	0.591477
0	-115.825	-4.75022	4.59281	-0.378457	-0.509594	0.664373	0.39458
0	-118.198	-10.4782	-1.90705	0.487987	0.589608	-0.427848	-0.480809
0	-111.369	-3.86965	-1.2849	-0.628009	-0.487372	0.343106	0.50035
0	-115.68	-4.4091	3.51936	0.569363	0.453045	-0.515881	-0.452155
0	-111.603	-8.60073	7.13192	-0.371097	-0.485628	0.567364	0.551861
0	-112.894	-4.55234	5.42121	-0.438616	-0.43351	0.44637	0.648413
0	-115.745	-10.0296	-1.30131	-0.380586	-0.522923	0.49265	0.582238
0	-108.065	-8.62331	3.60921	-0.521131	-0.221844	0.596537	0.56864
