1	-29.7827	18.4475	-0.383752	-0.399948	-0.51998	0.59767	0.460926
2	-29.7923	18.4325	-0.378874	-0.399992	-0.520233	0.597066	0.461387
3	-29.8191	18.4292	-0.369514	-0.400249	-0.520067	0.597377	0.460951
4	-29.8662	18.4163	-0.369151	-0.40012	-0.52024	0.597278	0.461005
5	-29.9312	18.3952	-0.373841	-0.399897	-0.520237	0.597294	0.461168
6	-30.0002	18.3824	-0.358882	-0.400134	-0.520366	0.59712	0.461042
7	-30.102	18.3332	-0.369929	-0.400305	-0.519955	0.59718	0.46128
8	-30.1974	18.3161	-0.349467	-0.400055	-0.520477	0.596917	0.461248
9	-30.3239	18.2954	-0.356854	-0.400043	-0.520243	0.597424	0.460865
10	-30.4603	18.252	-0.345755	-0.400297	-0.520194	0.59726	0.460912
11	-30.605	18.2121	-0.344012	-0.399993	-0.520332	0.597143	0.461174
12	-30.7616	18.1651	-0.332793	-0.400086	-0.520404	0.597112	0.461051
13	-30.9456	18.1168	-0.34923	-0.399987	-0.520029	0.597402	0.461184
14	-31.1305	18.0486	-0.339957	-0.400198	-0.519889	0.597275	0.461323
15	-31.3443	18.004	-0.322603	-0.399999	-0.520336	0.597185	0.461109
16	-31.5491	17.9438	-0.31951	-0.400108	-0.520159	0.597151	0.461258
17	-31.7781	17.8762	-0.300941	-0.40003	-0.520428	0.596996	0.461222
18	-32.0318	17.8008	-0.291893	-0.400431	-0.52022	0.596884	0.461255
19	-32.2823	17.7302	-0.292284	-0.400126	-0.520245	0.59687	0.461509
20	-32.5534	17.6355	-0.274782	-0.40024	-0.520218	0.59671	0.461647
21	-32.8347	17.593	-0.257341	-0.400065	-0.520682	0.596954	0.46096
22	-33.1427	17.4913	-0.25367	-0.400516	-0.520171	0.597007	0.461077
23	-33.4588	17.4276	-0.247367	-0.399883	-0.520469	0.597156	0.461098
24	-33.7831	17.3115	-0.248559	-0.400343	-0.519894	0.597157	0.461355
25	-34.1297	17.2333	-0.219208	-0.400112	-0.520553	0.596877	0.461164
26	-34.4991	17.1279	-0.219347	-0.400217	-0.520095	0.597303	0.461039
27	-34.8487	17.0227	-0.202013	-0.400079	-0.520364	0.596867	0.461419
28	-35.2538	16.9049	-0.20465	-0.400196	-0.520018	0.597052	0.461468
29	-35.632	16.799	-0.17805	-0.400256	-0.520239	0.59696	0.461286
30	-36.0447	16.6896	-0.14889	-0.400134	-0.520681	0.596599	0.461361
31	-36.4812	16.5641	-0.14528	-0.400451	-0.520263	0.596832	0.461256
32	-36.9273	16.4477	-0.1462	-0.400007	-0.520119	0.597031	0.461547
33	-37.3777	16.3338	-0.124407	-0.400099	-0.520215	0.597133	0.461227
34	-37.8435	16.1976	-0.104177	-0.400251	-0.520258	0.59697	0.461256
35	-38.3317	16.0394	-0.10499	-0.400443	-0.51981	0.597009	0.461545
36	-38.8289	15.9088	-0.0701024	-0.400545	-0.519978	0.596991	0.461289
37	-39.3447	15.7718	-0.0589662	-0.400139	-0.520171	0.597025	0.46138
38	-39.8704	15.6235	-0.0559792	-0.399955	-0.520065	0.59701	0.461679
39	-40.4077	15.4767	-0.022008	-0.400264	-0.5203	0.596743	0.461489
40	-40.9613	15.3308	-0.0199633	-0.400076	-0.51992	0.597163	0.461527
41	-41.5306	15.1591	0.00422377	-0.400416	-0.519777	0.597077	0.461517
42	-42.1189	15.0052	0.0244759	-0.400234	-0.520147	0.596914	0.461469
43	-42.7232	14.8356	0.0553913	-0.400344	-0.520251	0.596811	0.461389
44	-43.3209	14.69	0.0716324	-0.40025	-0.520199	0.597115	0.461136
45	-43.9534	14.495	0.0840963	-0.400201	-0.520147	0.596748	0.461712
46	-44.5938	14.3156	0.107005	-0.400276	-0.520135	0.596759	0.461647
47	-45.2426	14.1466	0.140758	-0.400367	-0.520117	0.596896	0.46141
48	-45.9144	13.9369	0.1561	-0.400305	-0.520335	0.596345	0.461931
49	-46.5935	13.7579	0.175595	-0.400401	-0.520055	0.596797	0.461579
50	-47.2975	13.575	0.208199	-0.400611	-0.52002	0.596979	0.4612
51	-48.0136	13.3553	0.223352	-0.400373	-0.520074	0.596539	0.461916
52	-48.7375	13.1806	0.242113	-0.400305	-0.520152	0.59689	0.461433
53	-49.4629	12.9857	0.270327	-0.400296	-0.519986	0.597143	0.461301
54	-50.2091	12.7607	0.294881	-0.400235	-0.520313	0.596486	0.461844
55	-50.9984	12.538	0.324268	-0.400511	-0.520015	0.596658	0.461709
56	-51.7674	12.3384	0.336249	-0.400261	-0.519977	0.596927	0.46162
57	-52.5584	12.1186	0.366079	-0.400221	-0.52009	0.596807	0.461682
58	-53.3802	11.878	0.397597	-0.400394	-0.520077	0.596558	0.461869
59	-54.1999	11.6476	0.423694	-0.400493	-0.520046	0.596537	0.461845
60	-55.0292	11.4399	0.456841	-0.400446	-0.520135	0.596813	0.461429
61	-55.8908	11.1806	0.484958	-0.400588	-0.520038	0.596359	0.462003
62	-56.7472	10.9556	0.500285	-0.400474	-0.519897	0.596744	0.461762
63	-57.6276	10.7098	0.548561	-0.400579	-0.520297	0.596403	0.46166
64	-58.5266	10.4601	0.564508	-0.400359	-0.52017	0.596428	0.461963
65	-59.4517	10.2015	0.591025	-0.400554	-0.52007	0.596377	0.461972
66	-60.3501	9.9498	0.635834	-0.400701	-0.520167	0.596349	0.461771
67	-61.3119	9.69608	0.65091	-0.400487	-0.519896	0.596613	0.461923
68	-62.2495	9.4251	0.663289	-0.400428	-0.51975	0.596604	0.462149
69	-63.2245	9.16324	0.707721	-0.400472	-0.519864	0.596554	0.462053
70	-64.2057	8.87138	0.748973	-0.400809	-0.520002	0.596002	0.462312
71	-65.1855	8.62209	0.778476	-0.400387	-0.520138	0.596221	0.462241
72	-66.1792	8.33989	0.80664	-0.400523	-0.519925	0.596339	0.462211
73	-67.2108	8.05214	0.840037	-0.400424	-0.52	0.596215	0.462372
74	-68.2505	7.75945	0.877307	-0.40085	-0.519862	0.596077	0.462336
75	-69.3027	7.47128	0.905841	-0.400758	-0.51984	0.596136	0.462366
76	-70.3578	7.19187	0.949715	-0.400726	-0.51981	0.596258	0.462269
77	-71.4333	6.90293	0.965556	-0.401508	-0.519038	0.59544	0.463511
78	-72.5349	6.60344	1.00599	-0.403307	-0.517769	0.593847	0.465407
79	-73.633	6.31693	1.04598	-0.404445	-0.517008	0.592825	0.466568
80	-74.7546	6.02475	1.09048	-0.405457	-0.516397	0.592143	0.467232
81	-75.8886	5.73616	1.12255	-0.405876	-0.516012	0.591746	0.467795
82	-77.0395	5.43646	1.13834	-0.406201	-0.515134	0.591669	0.468579
83	-78.2124	5.13843	1.19401	-0.406619	-0.515346	0.59062	0.469305
84	-79.383	4.84989	1.23154	-0.407228	-0.514699	0.590733	0.469341
85	-80.5818	4.53416	1.25678	-0.407509	-0.514337	0.590326	0.469992
86	-81.7778	4.26232	1.31381	-0.407428	-0.514996	0.59036	0.469316
87	-83.0053	3.95292	1.33915	-0.407112	-0.514827	0.590359	0.469775
88	-84.2356	3.64422	1.38202	-0.40717	-0.514739	0.590252	0.469957
89	-85.4789	3.33239	1.42521	-0.407551	-0.514553	0.590303	0.469765
90	-86.7391	3.02839	1.46825	-0.407574	-0.514793	0.590175	0.469644
91	-87.9788	2.71249	1.51184	-0.40741	-0.514911	0.590066	0.469794
92	-89.2904	2.39462	1.55294	-0.407435	-0.514845	0.590127	0.469767
93	-90.5924	2.07038	1.58235	-0.407196	-0.514732	0.589974	0.470289
94	-91.8821	1.75406	1.61894	-0.407191	-0.514903	0.589954	0.470133
95	-93.221	1.43402	1.66944	-0.407395	-0.51488	0.590268	0.469587
96	-94.5643	1.1103	1.70968	-0.406979	-0.515075	0.590112	0.469928
97	-95.913	0.764409	1.75262	-0.407293	-0.514753	0.590206	0.469892
98	-97.2829	0.439202	1.79444	-0.407238	-0.514835	0.590372	0.469643
99	-98.6512	0.0721916	1.83918	-0.407563	-0.514655	0.589965	0.47007
100	-100.046	-0.245963	1.88674	-0.407347	-0.514979	0.590149	0.469679
101	-101.436	-0.608588	1.9274	-0.40749	-0.514684	0.58995	0.470118
102	-102.858	-0.947617	1.97445	-0.407129	-0.514958	0.590062	0.469991
103	-104.298	-1.28962	2.00439	-0.407231	-0.514553	0.590453	0.469855
104	-105.724	-1.6895	2.05482	-0.407317	-0.514522	0.589656	0.470814
105	-107.219	-2.02143	2.10091	-0.407262	-0.514708	0.590174	0.470008
106	-108.692	-2.41002	2.13361	-0.407474	-0.514091	0.590142	0.47054
107	-110.148	-2.76335	2.20229	-0.407319	-0.514624	0.58982	0.470495
108	-111.636	-3.14715	2.26713	-0.407857	-0.514484	0.589596	0.470463
109	-113.166	-3.51623	2.27885	-0.407148	-0.514455	0.58962	0.471078
110	-114.684	-3.903	2.32871	-0.407276	-0.514204	0.589689	0.471155
111	-116.193	-4.26847	2.39666	-0.407569	-0.514359	0.589636	0.470799
112	-117.75	-4.63292	2.4434	-0.40701	-0.514839	0.590363	0.469846
113	-119.265	-5.17641	2.49131	-0.34812	-0.556132	0.634875	0.407999
114	-120.633	-6.14917	2.52183	-0.254605	-0.604767	0.689139	0.307442
115	-120.852	-8.1482	2.64422	-0.17948	-0.63657	0.716272	0.222531
116	-121.336	-9.37459	2.73172	-0.0977351	-0.65693	0.735713	0.132733
117	-121.67	-10.9937	2.74377	-0.038178	-0.66423	0.743404	0.068488
118	-121.772	-12.6354	2.73607	0.00223349	-0.666269	0.745347	0.0232074
119	-121.711	-14.2474	2.74787	0.0312688	-0.666406	0.744887	-0.00827471
120	-121.56	-15.9015	2.73101	0.0528772	-0.665402	0.743875	-0.0330843
121	-121.251	-17.5459	2.74104	0.0624003	-0.665112	0.742904	-0.0427399
122	-121.021	-19.1609	2.74308	0.0630638	-0.665012	0.742906	-0.043281
123	-120.749	-20.7991	2.74913	0.062528	-0.665004	0.742958	-0.0432973
124	-120.48	-22.4376	2.73954	0.0624374	-0.664915	0.74303	-0.0435414
125	-120.212	-24.0801	2.76469	0.0625673	-0.665239	0.742724	-0.0436215
126	-119.92	-25.7686	2.75558	0.0620436	-0.66518	0.742856	-0.043024
127	-119.647	-27.4419	2.76277	0.0621591	-0.665233	0.742805	-0.0429073
128	-119.382	-29.117	2.74208	0.0620883	-0.664936	0.743051	-0.0433535
129	-119.104	-30.8115	2.74648	0.061982	-0.664863	0.743125	-0.0433591
130	-118.822	-32.5243	2.75427	0.0621854	-0.665175	0.742853	-0.0429623
131	-118.542	-34.2596	2.74556	0.0616342	-0.664999	0.743037	-0.0432847
132	-118.257	-35.9577	2.75808	0.0617209	-0.665284	0.742802	-0.0427986
133	-118.002	-37.7185	2.77102	0.0620721	-0.665493	0.742544	-0.0435153
134	-117.687	-39.4502	2.74167	0.0615862	-0.665038	0.743031	-0.0428498
135	-117.413	-41.2054	2.74859	0.0620453	-0.66504	0.742989	-0.0428785
136	-117.121	-42.9948	2.73356	0.0619491	-0.664903	0.743132	-0.0426154
137	-116.836	-44.7588	2.74173	0.0617531	-0.664932	0.743114	-0.042683
138	-116.539	-46.5362	2.72354	0.0614784	-0.664654	0.743389	-0.0427491
139	-116.243	-48.3465	2.74778	0.0613577	-0.665068	0.74304	-0.0424157
140	-115.972	-50.157	2.7502	0.0618064	-0.665077	0.742979	-0.0425656
141	-115.66	-51.9889	2.71952	0.0614178	-0.664569	0.743498	-0.0422627
142	-115.351	-53.8038	2.72191	0.0614244	-0.664651	0.743446	-0.0416187
143	-115.06	-55.662	2.74043	0.0614983	-0.665048	0.743097	-0.0416632
144	-114.791	-57.5226	2.7421	0.061609	-0.664885	0.743181	-0.0423281
145	-114.473	-59.3709	2.7445	0.0609449	-0.665079	0.743088	-0.0421418
146	-114.188	-61.2402	2.74014	0.0610617	-0.664893	0.743219	-0.0423257
147	-113.868	-63.1468	2.72686	0.0610641	-0.664695	0.743437	-0.0418667
148	-113.583	-65.0106	2.73769	0.0611934	-0.664874	0.743235	-0.0421562
149	-113.281	-66.9146	2.73237	0.0612629	-0.664704	0.743405	-0.042003
150	-112.972	-68.8123	2.72518	0.0606121	-0.664441	0.743666	-0.0422331
151	-112.649	-70.7386	2.74244	0.0607166	-0.664824	0.743357	-0.0417372
152	-112.346	-72.6617	2.73463	0.0605721	-0.664623	0.743522	-0.0419484
153	-112.048	-74.587	2.74269	0.0605917	-0.664923	0.743264	-0.0420128
154	-111.747	-76.5538	2.73773	0.0575208	-0.664811	0.743781	-0.0385299
155	-111.534	-78.5271	2.74492	0.0315767	-0.665852	0.745357	-0.00933899
156	-111.497	-80.5127	2.77222	-0.00727732	-0.66589	0.745276	0.0328492
157	-111.728	-82.476	2.78578	-0.0655566	-0.661131	0.740864	0.0986298
158	-112.408	-84.3803	2.83397	-0.158174	-0.643901	0.721713	0.198695
159	-113.732	-85.946	2.92461	-0.278917	-0.600337	0.672225	0.331532
160	-115.612	-86.995	2.99556	-0.386258	-0.536498	0.601772	0.448124
161	-117.845	-87.4354	3.04552	-0.427617	-0.503944	0.565995	0.492782
162	-120.089	-87.8287	3.0604	-0.427197	-0.503436	0.565928	0.493742
163	-122.336	-88.2017	3.12813	-0.427753	-0.503659	0.5655	0.493523
164	-124.608	-88.5877	3.1531	-0.427386	-0.503471	0.565456	0.494084
165	-126.914	-88.9505	3.20943	-0.427485	-0.503565	0.565498	0.493855
166	-129.214	-89.3102	3.26751	-0.427444	-0.503945	0.56555	0.493442
167	-131.481	-89.6844	3.30441	-0.427705	-0.503604	0.565596	0.493512
168	-133.803	-90.0458	3.35465	-0.427818	-0.503798	0.565666	0.493137
169	-136.114	-90.4389	3.40845	-0.427749	-0.503884	0.565259	0.493581
170	-138.429	-90.7957	3.45181	-0.427753	-0.503984	0.565382	0.493346
171	-140.783	-91.1805	3.50038	-0.427979	-0.503659	0.565561	0.493257
172	-143.118	-91.5698	3.54347	-0.427829	-0.503909	0.565206	0.493539
173	-145.489	-91.9526	3.593	-0.428056	-0.503862	0.56534	0.493236
174	-147.835	-92.3458	3.6404	-0.428	-0.503962	0.564829	0.493768
175	-150.227	-92.714	3.69186	-0.427938	-0.504216	0.565056	0.493303
176	-152.606	-93.1115	3.74448	-0.428179	-0.504215	0.56483	0.493353
177	-155.014	-93.4858	3.77338	-0.42788	-0.504106	0.565119	0.493392
178	-157.393	-93.8764	3.84597	-0.428114	-0.504602	0.564757	0.493097
179	-159.81	-94.2337	3.86096	-0.436083	-0.497156	0.557441	0.501923
180	-162.247	-94.3212	3.92342	-0.48763	-0.447063	0.501391	0.557637
181	-164.613	-93.6397	3.97842	-0.566832	-0.342368	0.385018	0.642843
182	-166.319	-92.0746	4.01429	-0.639316	-0.179777	0.200928	0.720127
183	-167.048	-90.0069	4.00483	-0.662504	-0.0565331	0.0646104	0.744123
184	-167.381	-87.8993	4.0221	-0.663269	-0.0482963	0.0563876	0.744689
185	-167.716	-85.7453	4.04338	-0.663538	-0.0484437	0.05669	0.744417
186	-168.057	-83.5917	4.06195	-0.663505	-0.0485892	0.0569797	0.744414
187	-168.402	-81.4695	4.07251	-0.663349	-0.0484035	0.0570268	0.744563
188	-168.767	-79.2996	4.09183	-0.663427	-0.0484792	0.0567027	0.744513
189	-169.116	-77.1381	4.0973	-0.663188	-0.0482865	0.0568465	0.744727
190	-169.476	-74.9681	4.11569	-0.663349	-0.0482066	0.0568132	0.744591
191	-169.82	-72.7979	4.14596	-0.663483	-0.0485149	0.056864	0.744448
192	-170.183	-70.6249	4.16084	-0.663477	-0.0484844	0.0566022	0.744476
193	-170.533	-68.4157	4.17022	-0.663352	-0.0486966	0.0568147	0.744557
194	-170.899	-66.2513	4.19777	-0.663586	-0.0484892	0.056541	0.744383
195	-171.257	-64.0511	4.20702	-0.663469	-0.0484299	0.0566869	0.74448
196	-171.613	-61.8604	4.22588	-0.663465	-0.0484016	0.056734	0.744482
197	-171.961	-59.6306	4.2348	-0.663237	-0.0487438	0.0570547	0.744638
198	-172.317	-57.4097	4.25938	-0.663499	-0.0488508	0.0569108	0.744408
199	-172.677	-55.186	4.28078	-0.663591	-0.0487726	0.0571338	0.744315
200	-173.021	-52.9449	4.28581	-0.663169	-0.0494403	0.057242	0.744638
201	-173.402	-50.7119	4.31302	-0.663356	-0.0492704	0.0569792	0.744503
202	-173.775	-48.4697	4.33677	-0.663615	-0.049033	0.057173	0.744273
203	-174.118	-46.2244	4.3301	-0.663197	-0.0494452	0.0573102	0.744607
204	-174.486	-43.9847	4.35741	-0.66342	-0.0492344	0.0576521	0.744396
205	-174.869	-41.7205	4.37389	-0.663373	-0.04944	0.0569714	0.744477
206	-175.234	-39.4525	4.39056	-0.663365	-0.049639	0.0574761	0.744433
207	-175.637	-37.1721	4.40612	-0.663347	-0.049058	0.0570655	0.744518
208	-176.009	-34.8784	4.42241	-0.663376	-0.0492092	0.0571711	0.744475
209	-176.379	-32.5977	4.44805	-0.663549	-0.0493598	0.0570639	0.744319
210	-176.747	-30.3298	4.48238	-0.663803	-0.0494885	0.057267	0.744068
211	-177.113	-28.0059	4.47825	-0.66365	-0.0493503	0.0575028	0.744195
212	-177.503	-25.6976	4.49887	-0.663754	-0.0496194	0.0571629	0.744111
213	-177.891	-23.3604	4.52344	-0.663898	-0.0496095	0.057085	0.743989
214	-178.266	-21.0038	4.52202	-0.663503	-0.0495079	0.0579722	0.74428
215	-178.658	-18.6561	4.54659	-0.663758	-0.0492708	0.0578631	0.744077
216	-179.038	-16.3046	4.55642	-0.663653	-0.0498049	0.057556	0.744158
217	-179.436	-13.9172	4.57936	-0.663704	-0.0502749	0.0573689	0.744095
218	-179.821	-11.5673	4.59636	-0.663967	-0.0499412	0.057935	0.743839
219	-180.206	-9.18375	4.62212	-0.664128	-0.049965	0.0584432	0.743655
220	-180.612	-6.79211	4.64141	-0.664046	-0.0502646	0.0577588	0.743761
221	-180.985	-4.39452	4.64903	-0.664042	-0.0504729	0.058476	0.743694
222	-181.404	-1.99863	4.66427	-0.664113	-0.0505858	0.0575712	0.743694
223	-181.817	0.431133	4.67169	-0.664068	-0.0502051	0.0576683	0.743753
224	-182.196	2.8322	4.68796	-0.664109	-0.0506019	0.0582208	0.743646
225	-182.588	5.27351	4.71597	-0.664157	-0.0507952	0.0583587	0.743579
226	-183.026	7.70623	4.72133	-0.664256	-0.0504829	0.0577804	0.743557
227	-183.423	10.1402	4.73723	-0.664289	-0.0504731	0.0582992	0.743488
228	-183.822	12.5946	4.75741	-0.664312	-0.0508954	0.0583716	0.743432
229	-184.236	15.0692	4.76361	-0.664295	-0.051095	0.0583078	0.743439
230	-184.64	17.5207	4.79279	-0.66448	-0.0509221	0.0583776	0.743281
231	-185.069	19.9449	4.80624	-0.664521	-0.051017	0.0577836	0.743283
232	-185.459	22.4114	4.82999	-0.664818	-0.0514697	0.0581161	0.742961
233	-185.86	24.8607	4.82653	-0.664647	-0.0517971	0.0580471	0.743097
234	-186.286	27.3205	4.84211	-0.664665	-0.0515688	0.0584697	0.743063
235	-186.705	29.7799	4.84031	-0.664605	-0.0514648	0.0584372	0.743127
236	-187.114	32.2697	4.84657	-0.664672	-0.0514648	0.0586733	0.743049
237	-187.538	34.7268	4.85779	-0.664736	-0.051741	0.0585618	0.74298
238	-187.94	37.2005	4.87051	-0.664819	-0.0517711	0.0591655	0.742856
239	-188.387	39.7017	4.86093	-0.664419	-0.0521621	0.0578905	0.743287
240	-188.807	42.1709	4.88326	-0.664642	-0.051409	0.0585013	0.743092
241	-189.211	44.6418	4.90126	-0.664787	-0.0521602	0.058617	0.742901
242	-189.641	47.1384	4.91214	-0.664861	-0.0519717	0.0586108	0.742849
243	-190.049	49.6062	4.90374	-0.664529	-0.0523998	0.0586414	0.743113
244	-190.479	52.1051	4.8996	-0.664269	-0.0526506	0.0583105	0.743354
245	-190.892	54.5988	4.91529	-0.664474	-0.0524111	0.059054	0.743129
246	-191.335	57.0642	4.91917	-0.664234	-0.0524153	0.0583897	0.743396
247	-191.727	59.5274	4.95061	-0.664536	-0.052557	0.0591749	0.743054
248	-192.148	62.0027	4.93022	-0.664291	-0.0523605	0.0594748	0.743263
249	-192.545	64.4681	4.93958	-0.664585	-0.0479453	0.0549596	0.743645
250	-192.546	66.9587	4.94684	-0.663551	0.0742237	-0.0814942	0.739966
251	-190.662	67.7585	5.2783	-0.638593	0.238287	-0.245437	0.689332
252	-188.605	69.2009	5.15372	-0.573372	0.372658	-0.399782	0.610365
253	-186.34	70.0093	5.062	-0.553677	0.401973	-0.433608	0.586381
254	-184.066	70.7431	4.96407	-0.553774	0.402097	-0.433322	0.586416
255	-181.762	71.4865	4.85612	-0.553768	0.401941	-0.433097	0.586695
256	-179.472	72.2503	4.74521	-0.553704	0.401905	-0.433478	0.586499
257	-177.165	72.9956	4.62884	-0.553634	0.401719	-0.43319	0.586905
258	-174.873	73.7659	4.54213	-0.5538	0.402004	-0.433271	0.586494
259	-172.589	74.4946	4.42	-0.553787	0.401669	-0.432862	0.587037
260	-170.334	75.2625	4.32247	-0.553771	0.401769	-0.433443	0.586557
261	-168.053	76.0054	4.20071	-0.553482	0.401815	-0.433019	0.587118
262	-165.759	76.7634	4.09294	-0.553429	0.401702	-0.433035	0.587269
263	-163.472	77.5121	3.98406	-0.553357	0.401682	-0.433082	0.587271
264	-161.209	78.2524	3.87892	-0.553512	0.401298	-0.433164	0.587327
265	-158.927	79.0243	3.78166	-0.553435	0.401514	-0.433401	0.587078
266	-156.67	79.7534	3.68001	-0.553432	0.401666	-0.432732	0.587469
267	-154.389	80.5096	3.55417	-0.553185	0.40126	-0.433156	0.587668
268	-152.125	81.2657	3.44257	-0.553162	0.401103	-0.433468	0.587566
269	-149.838	82.0083	3.35325	-0.553045	0.401512	-0.432704	0.587959
270	-147.605	82.7684	3.27344	-0.553497	0.401658	-0.433177	0.587085
271	-145.333	83.5046	3.1627	-0.553342	0.401426	-0.432881	0.587608
272	-143.096	84.2551	3.05877	-0.553233	0.401664	-0.432955	0.587494
273	-140.827	85.0081	2.95969	-0.55306	0.401628	-0.432923	0.587706
274	-138.581	85.7393	2.87383	-0.553547	0.401552	-0.432375	0.587701
275	-136.33	86.5044	2.76254	-0.553112	0.401952	-0.432787	0.587535
276	-134.083	87.2168	2.6511	-0.553537	0.400931	-0.432688	0.587905
277	-131.831	87.9897	2.55292	-0.553112	0.401385	-0.433286	0.587555
278	-129.555	88.7312	2.45929	-0.553362	0.401392	-0.432689	0.587757
279	-127.286	89.4733	2.33204	-0.552784	0.401146	-0.432731	0.588447
280	-125.048	90.2104	2.23777	-0.553255	0.400938	-0.432789	0.588151
281	-122.777	90.9565	2.13916	-0.553025	0.401036	-0.432449	0.588491
282	-120.518	91.7016	2.04332	-0.553234	0.40106	-0.432158	0.588492
283	-118.247	92.4357	1.95657	-0.553627	0.40082	-0.43162	0.58868
284	-115.991	93.1908	1.85589	-0.553662	0.4008	-0.431724	0.588585
285	-113.715	93.9467	1.74707	-0.553582	0.400826	-0.431648	0.588698
286	-111.467	94.6586	1.66062	-0.554375	0.400224	-0.431015	0.588826
287	-109.196	95.4161	1.54975	-0.554015	0.400512	-0.430644	0.589239
288	-106.909	96.1705	1.43534	-0.554186	0.39993	-0.430895	0.589291
289	-104.614	96.9646	1.34005	-0.554034	0.400364	-0.43101	0.589054
290	-102.356	97.7229	1.24442	-0.554226	0.400323	-0.430826	0.589036
291	-100.063	98.491	1.13097	-0.554117	0.400277	-0.430734	0.589237
292	-97.7758	99.2853	1.02232	-0.554112	0.400124	-0.43147	0.588807
293	-95.4867	100.043	0.929263	-0.554242	0.400111	-0.431235	0.588867
294	-93.2203	100.822	0.807491	-0.553726	0.400219	-0.431417	0.589145
295	-90.9551	101.573	0.708677	-0.553849	0.400058	-0.431216	0.589285
296	-88.6772	102.338	0.637829	-0.55412	0.400627	-0.430623	0.589077
297	-86.4129	103.124	0.516411	-0.553641	0.400714	-0.431304	0.588968
298	-84.1288	103.888	0.425524	-0.554123	0.400316	-0.431301	0.588776
299	-81.861	104.651	0.32135	-0.554298	0.400166	-0.431378	0.588671
300	-79.5908	105.411	0.214776	-0.554184	0.40012	-0.431584	0.588659
301	-77.3398	106.177	0.117858	-0.553924	0.400565	-0.431157	0.588914
302	-75.0741	106.942	0.00393314	-0.553848	0.400393	-0.431386	0.588935
303	-72.8099	107.699	-0.103146	-0.553609	0.400354	-0.431241	0.589292
304	-70.5641	108.47	-0.198307	-0.553866	0.40028	-0.431613	0.588828
305	-68.3318	109.214	-0.289218	-0.554013	0.400242	-0.431668	0.588675
306	-66.0872	109.962	-0.39232	-0.553922	0.400358	-0.431311	0.588944
307	-63.8673	110.726	-0.50312	-0.553527	0.400332	-0.431768	0.588998
308	-61.6398	111.466	-0.612909	-0.553588	0.39995	-0.431864	0.58913
309	-59.4081	112.235	-0.72067	-0.553243	0.400022	-0.432404	0.589009
310	-57.2031	112.966	-0.817236	-0.553138	0.40016	-0.431897	0.589386
311	-55.0059	113.716	-0.90226	-0.553398	0.400058	-0.432078	0.589079
312	-52.8221	114.471	-0.987812	-0.553497	0.400124	-0.432628	0.588536
313	-50.6163	115.183	-1.09615	-0.553408	0.399752	-0.432442	0.589008
314	-48.4168	115.916	-1.18723	-0.553681	0.399576	-0.432415	0.588892
315	-46.2297	116.68	-1.29974	-0.553066	0.39972	-0.432891	0.589022
316	-44.0766	117.418	-1.39703	-0.552831	0.399863	-0.433135	0.588967
317	-41.9157	118.134	-1.4704	-0.553193	0.399599	-0.433105	0.588828
318	-39.7414	118.881	-1.57951	-0.55246	0.400013	-0.433332	0.58907
319	-37.5959	119.608	-1.67142	-0.552784	0.399714	-0.433929	0.588535
320	-35.4569	120.329	-1.75678	-0.535613	0.422168	-0.460357	0.568299
321	-33.2213	120.385	-1.85769	0.439205	-0.519023	0.572959	-0.457638
322	-31.0983	119.518	-2.05294	0.322486	-0.590555	0.662485	-0.329181
323	-29.3657	117.91	-2.07145	0.239705	-0.6256	0.70371	-0.236557
324	-27.984	115.96	-2.08978	0.187712	-0.640868	0.722537	-0.178865
325	-26.8412	113.82	-2.07667	0.15404	-0.648833	0.731796	-0.140582
326	-25.9423	111.63	-2.08127	0.129859	-0.65281	0.737347	-0.115309
327	-25.1375	109.378	-2.04887	0.122514	-0.654275	0.738551	-0.107039
328	-24.3245	107.134	-2.04452	0.122078	-0.654311	0.738645	-0.106673
329	-23.5487	104.887	-2.02011	0.122823	-0.654329	0.738565	-0.106267
330	-22.7521	102.658	-2.0087	0.121744	-0.654437	0.738609	-0.106552
331	-21.9868	100.471	-2.01372	0.121994	-0.654173	0.738834	-0.106376
332	-21.2104	98.2483	-1.98312	0.122	-0.654357	0.738683	-0.106209
333	-20.411	96.0336	-1.95913	0.120831	-0.654807	0.738464	-0.106369
334	-19.6384	93.7976	-1.96072	0.120972	-0.654464	0.738739	-0.106336
335	-18.887	91.6304	-1.93369	0.121433	-0.654704	0.738501	-0.106066
336	-18.1066	89.3996	-1.92085	0.121232	-0.654711	0.738528	-0.105985
337	-17.3448	87.202	-1.92965	0.121272	-0.654412	0.738764	-0.106215
338	-16.5672	85.0168	-1.91332	0.121037	-0.654372	0.738869	-0.105926
339	-15.8069	82.8436	-1.89327	0.120817	-0.654489	0.738831	-0.10579
340	-15.0326	80.6709	-1.87955	0.120617	-0.654538	0.73883	-0.105646
341	-14.2774	78.5015	-1.8601	0.121028	-0.654703	0.738702	-0.105129
342	-13.5449	76.3626	-1.84918	0.120829	-0.65442	0.738947	-0.105319
343	-12.7653	74.2217	-1.82945	0.120654	-0.654699	0.73885	-0.104539
344	-12.0309	72.0985	-1.81705	0.120449	-0.654805	0.738808	-0.104329
345	-11.3015	69.9645	-1.82019	0.120259	-0.654446	0.739141	-0.104522
346	-10.566	67.8518	-1.81039	0.119821	-0.654315	0.739313	-0.104547
347	-9.82173	65.7624	-1.78276	0.11986	-0.654538	0.739217	-0.103864
348	-9.1016	63.6735	-1.76631	0.119647	-0.654599	0.739222	-0.10361
349	-8.33174	61.5946	-1.75385	0.1184	-0.65487	0.739328	-0.102647
350	-7.60709	59.5215	-1.72349	0.118048	-0.655056	0.739264	-0.102247
351	-6.91791	57.4829	-1.72179	0.118504	-0.654877	0.73942	-0.101815
352	-6.21965	55.4507	-1.71935	0.118225	-0.654682	0.739669	-0.101512
353	-5.53404	53.4148	-1.69804	0.118251	-0.654767	0.739644	-0.10119
354	-4.84654	51.3812	-1.68876	0.117764	-0.654537	0.739865	-0.101553
355	-4.14545	49.3876	-1.66995	0.11751	-0.65476	0.739851	-0.100583
356	-3.49482	47.3984	-1.64941	0.117162	-0.654827	0.739728	-0.101377
357	-2.73283	45.4196	-1.64335	0.116496	-0.654863	0.740168	-0.0987452
358	-2.07564	43.4606	-1.61422	0.115961	-0.655055	0.740034	-0.0990238
359	-1.39019	41.4901	-1.61108	0.115518	-0.654951	0.740342	-0.0980017
360	-0.717867	39.5305	-1.62052	0.11496	-0.654583	0.740807	-0.0975207
361	-0.0739624	37.607	-1.62092	0.114663	-0.654376	0.741101	-0.0971005
362	0.575411	35.7006	-1.60252	0.114148	-0.654347	0.741305	-0.096269
363	1.20671	33.8055	-1.60621	0.113348	-0.653883	0.741866	-0.0961251
364	1.65258	31.8945	-1.56874	0.0352791	-0.66013	0.750249	-0.0104388
365	1.50204	30.0047	-1.4929	-0.098181	-0.650662	0.740898	0.134485
366	0.672897	28.1884	-1.43564	-0.23096	-0.613443	0.701912	0.278684
367	-0.826721	26.8599	-1.37611	-0.314901	-0.574579	0.658812	0.369703
368	-2.53712	25.9372	-1.31433	-0.364085	-0.544698	0.626304	0.42248
369	-4.30383	25.2869	-1.22035	-0.394624	-0.524094	0.60237	0.454716
370	-6.10403	24.805	-1.17363	-0.404055	-0.516833	0.594633	0.464795
371	-7.88214	24.3398	-1.09908	-0.404206	-0.516963	0.594447	0.464779
372	-9.67691	23.866	-1.0445	-0.40421	-0.516812	0.594621	0.4647
373	-11.4416	23.3673	-0.984186	-0.40453	-0.516599	0.593986	0.465491
374	-13.2077	22.8973	-0.939111	-0.404731	-0.516192	0.594079	0.465627
375	-14.9377	22.4456	-0.870787	-0.404852	-0.516365	0.593669	0.465874
376	-16.6747	21.9877	-0.803466	-0.405072	-0.516388	0.593597	0.465729
377	-18.374	21.5448	-0.753197	-0.405081	-0.516248	0.59363	0.465855
378	-20.0871	21.0888	-0.705372	-0.405308	-0.515889	0.593524	0.466169
379	-21.7606	20.6322	-0.63473	-0.405423	-0.516348	0.592747	0.466571
380	-23.4185	20.1968	-0.596227	-0.405272	-0.515919	0.592961	0.466883
381	-25.0998	19.7839	-0.527135	-0.405426	-0.516108	0.593101	0.466384
382	-26.7432	19.3445	-0.490586	-0.405296	-0.515995	0.592802	0.466979
383	-28.3824	18.9119	-0.431902	-0.405746	-0.515674	0.592863	0.466887
384	-30.0097	18.5008	-0.375459	-0.405434	-0.516069	0.592681	0.466931
385	-31.6001	18.0903	-0.323859	-0.405766	-0.515726	0.592852	0.466826
386	-33.2102	17.674	-0.268212	-0.405568	-0.516046	0.59251	0.467057
387	-34.7928	17.2576	-0.204519	-0.405757	-0.515986	0.592288	0.467264
388	-36.3612	16.8667	-0.159132	-0.405483	-0.516071	0.592348	0.46731
389	-37.9292	16.4479	-0.113187	-0.405694	-0.51592	0.592103	0.467625
390	-39.4942	16.0579	-0.0693175	-0.40544	-0.516099	0.592214	0.467486
391	-41.0265	15.666	-0.017407	-0.405865	-0.515777	0.592364	0.467304
392	-42.5291	15.2788	0.0367036	-0.405788	-0.515881	0.592215	0.467423
393	-44.031	14.8984	0.0847465	-0.405729	-0.516031	0.592018	0.467579
394	-45.5264	14.5147	0.143701	-0.405912	-0.515953	0.592109	0.46737
395	-47.0028	14.1297	0.184208	-0.405979	-0.515921	0.592025	0.467476
396	-48.4656	13.7767	0.237831	-0.406063	-0.515945	0.592287	0.467023
397	-49.9244	13.4027	0.273299	-0.4058	-0.51592	0.592191	0.467421
398	-51.3542	13.0265	0.339537	-0.406013	-0.516156	0.59175	0.467514
399	-52.7933	12.6555	0.363715	-0.405903	-0.515835	0.591818	0.467899
400	-54.1904	12.3049	0.422837	-0.405946	-0.516036	0.591787	0.467657
401	-55.5972	11.9465	0.468595	-0.405957	-0.516022	0.591873	0.467577
402	-56.986	11.5972	0.497167	-0.405706	-0.51594	0.59188	0.467854
403	-58.3489	11.2419	0.540571	-0.405748	-0.516006	0.591708	0.467984
404	-59.7147	10.8983	0.592324	-0.406023	-0.51599	0.59166	0.467802
405	-61.0667	10.5422	0.642301	-0.406105	-0.515814	0.591507	0.468141
406	-62.3883	10.2226	0.672162	-0.405806	-0.515855	0.59198	0.467734
407	-63.7063	9.87957	0.719824	-0.406043	-0.515899	0.591663	0.467902
408	-65.0113	9.56281	0.742596	-0.405787	-0.515655	0.592148	0.467758
409	-66.2908	9.2163	0.809852	-0.406298	-0.515865	0.591474	0.467958
410	-67.5663	8.90546	0.840776	-0.405877	-0.515939	0.591636	0.468014
411	-68.841	8.56482	0.883797	-0.406068	-0.515803	0.591441	0.468267
412	-70.084	8.25569	0.92116	-0.405846	-0.515903	0.591326	0.468473
413	-71.327	7.94127	0.957676	-0.406214	-0.515591	0.591607	0.468164
414	-72.5508	7.64744	0.993366	-0.405547	-0.515885	0.591898	0.468028
415	-73.752	7.33055	1.03038	-0.405508	-0.515904	0.59229	0.467567
416	-74.9364	7.00646	1.06607	-0.405056	-0.516318	0.592036	0.467801
417	-76.1188	6.71111	1.11568	-0.405291	-0.516413	0.592369	0.467093
418	-77.2742	6.40294	1.1563	-0.404896	-0.516986	0.592026	0.467215
419	-78.4292	6.12379	1.18459	-0.404488	-0.516918	0.592809	0.466671
420	-79.5583	5.78935	1.23973	-0.404824	-0.517017	0.592199	0.467024
421	-80.678	5.53278	1.26047	-0.404271	-0.517189	0.592945	0.466387
422	-81.7851	5.232	1.29676	-0.404324	-0.517252	0.592789	0.466449
423	-82.8785	4.95504	1.3357	-0.40381	-0.517752	0.592673	0.466507
424	-83.9508	4.67773	1.37122	-0.404285	-0.517367	0.593168	0.465872
425	-85.0083	4.40596	1.41344	-0.403941	-0.517714	0.593185	0.465786
426	-86.0573	4.11912	1.43518	-0.403858	-0.517497	0.59325	0.465993
427	-87.0864	3.84842	1.46603	-0.403697	-0.517666	0.593273	0.465937
428	-88.1159	3.58685	1.48796	-0.403548	-0.517486	0.59365	0.465765
429	-89.1097	3.32474	1.5352	-0.403492	-0.517922	0.593325	0.465763
430	-90.1052	3.07241	1.56126	-0.403433	-0.517896	0.59358	0.465497
431	-91.079	2.79366	1.59453	-0.403548	-0.517763	0.593529	0.465634
432	-92.0436	2.56837	1.6149	-0.403232	-0.517903	0.593859	0.465308
433	-92.9824	2.28557	1.63623	-0.403251	-0.51758	0.59341	0.466245
434	-93.9185	2.0496	1.6902	-0.403388	-0.517967	0.593558	0.465486
435	-94.8538	1.8227	1.69993	-0.403025	-0.517909	0.593805	0.465572
436	-95.7583	1.59073	1.73503	-0.403029	-0.518153	0.593931	0.465114
437	-96.6353	1.34153	1.75451	-0.403186	-0.517875	0.593975	0.465253
438	-97.5024	1.0995	1.80245	-0.403201	-0.518218	0.593511	0.465428
439	-98.3664	0.882733	1.81093	-0.402928	-0.518079	0.593843	0.465418
440	-99.2097	0.65048	1.85614	-0.403189	-0.518121	0.59368	0.465332
441	-100.212	0.274931	1.8748	-0.403184	-0.517569	0.593127	0.466675
442	-101.201	-0.00956708	1.88859	-0.403198	-0.517466	0.593237	0.466615
443	-102.122	-0.203044	1.9123	-0.403079	-0.517472	0.59396	0.465813
444	-102.842	-0.389275	1.97957	-0.403174	-0.517877	0.59362	0.465692
445	-103.663	-0.570055	2.01019	-0.402974	-0.51814	0.593916	0.465217
446	-104.47	-0.775849	2.05622	-0.40321	-0.518326	0.593872	0.46484
447	-105.32	-0.996207	2.06045	-0.402768	-0.518305	0.594129	0.464939
448	-106.093	-1.19451	2.06041	-0.402218	-0.518131	0.594556	0.465042
449	-106.804	-1.41122	2.06749	-0.402537	-0.517628	0.594329	0.465637
450	-107.531	-1.60836	2.09569	-0.402691	-0.517687	0.594324	0.465424
451	-108.312	-1.82615	2.11815	-0.40278	-0.517872	0.594309	0.465181
452	-109.118	-2.09221	2.10357	-0.402121	-0.517443	0.594123	0.466442
453	-109.904	-2.30866	2.11425	-0.4023	-0.517075	0.59442	0.466339
454	-110.647	-2.56463	2.11391	-0.402062	-0.516678	0.594034	0.467455
455	-111.259	-2.74502	2.14668	-0.402014	-0.516803	0.593782	0.467699
456	-111.909	-2.93777	2.17415	-0.402028	-0.516826	0.593477	0.468027
457	-112.643	-3.10698	2.14143	-0.401699	-0.516281	0.594483	0.467656
458	-113.159	-3.29047	2.17574	-0.402056	-0.516126	0.593871	0.468275
459	-113.654	-3.42387	2.21057	-0.402037	-0.516263	0.593805	0.468247
460	-114.166	-3.5827	2.23221	-0.402076	-0.516126	0.593509	0.468719
461	-114.78	-3.73125	2.27452	-0.402378	-0.516224	0.593962	0.467797
462	-115.221	-3.82355	2.36418	-0.402963	-0.516899	0.593528	0.467077
463	-115.844	-4.01801	2.38706	-0.402979	-0.51684	0.593253	0.467499
464	-116.431	-4.13579	2.35118	-0.401922	-0.516582	0.593977	0.467754
465	-116.958	-4.24197	2.32413	-0.40123	-0.516466	0.594507	0.467825
466	-117.452	-4.37051	2.38179	-0.401979	-0.516363	0.594689	0.467042
467	-117.87	-4.44332	2.38319	-0.401546	-0.516577	0.59503	0.466765
468	-118.162	-4.55569	2.45818	-0.402558	-0.516897	0.594275	0.466478
469	-118.711	-4.68359	2.44526	-0.401526	-0.516829	0.594616	0.46703
470	-119.091	-4.7674	2.50334	-0.402147	-0.517097	0.594751	0.466004
471	-119.361	-4.88708	2.53504	-0.402533	-0.517434	0.593601	0.466785
472	-119.599	-4.93221	2.57972	-0.402977	-0.51768	0.593669	0.466019
473	-119.776	-5.00267	2.6508	-0.403924	-0.518226	0.59276	0.465772
474	-119.933	-5.08436	2.77719	-0.405303	-0.519222	0.591209	0.465414
475	-120.128	-5.18555	2.85682	-0.406075	-0.519922	0.589985	0.465535
476	-120.326	-5.28751	2.87045	-0.406376	-0.519654	0.58947	0.466201
477	-120.636	-5.37021	2.94724	-0.407208	-0.520281	0.588857	0.465572
478	-120.996	-5.32487	3.01399	-0.406879	-0.521591	0.589823	0.463143
479	-121.285	-5.3611	3.02234	-0.406386	-0.52211	0.589901	0.462914
480	-121.753	-5.46236	2.93275	-0.40559	-0.520679	0.591539	0.463111
481	-122.066	-5.45341	2.97068	-0.405452	-0.521426	0.592173	0.461601
482	-122.536	-5.54158	2.93038	-0.404268	-0.521244	0.593151	0.461566
483	-122.988	-5.64424	2.84558	-0.403249	-0.520088	0.594386	0.462195
484	-123.215	-5.76348	2.85167	-0.403746	-0.519713	0.593997	0.462661
485	-122.992	-5.85137	2.84509	-0.404552	-0.519552	0.591808	0.46496
486	-123.17	-5.91438	2.85806	-0.404857	-0.519266	0.591693	0.465138
487	-123.366	-5.9445	2.86298	-0.404614	-0.519523	0.591845	0.46489
488	-123.542	-6.02	2.85403	-0.404818	-0.519202	0.591647	0.465301
489	-123.676	-6.03923	2.86271	-0.404443	-0.519633	0.591438	0.465433
490	-123.818	-6.07487	2.85037	-0.404098	-0.519421	0.59165	0.465678
491	-123.949	-6.11214	2.85772	-0.404502	-0.519155	0.591864	0.465375
492	-124.076	-6.12934	2.86092	-0.404378	-0.519349	0.592098	0.464946
493	-124.151	-6.17521	2.86232	-0.404566	-0.519256	0.591652	0.465476
494	-124.236	-6.19457	2.86015	-0.404769	-0.518954	0.591956	0.465228
495	-124.325	-6.21607	2.86715	-0.404469	-0.519208	0.591688	0.465568
496	-124.392	-6.20074	2.87615	-0.404276	-0.519559	0.592022	0.464897
497	-124.452	-6.21379	2.87036	-0.40403	-0.519562	0.592154	0.464961
498	-124.469	-6.25537	2.85986	-0.404711	-0.518874	0.592133	0.465142
499	-124.485	-6.25732	2.85943	-0.40412	-0.519208	0.591884	0.465621
500	-124.486	-6.23785	2.86538	-0.404324	-0.519105	0.592181	0.46516
