1	-29.1723	14.584	-0.847902	-0.403781	-0.515066	0.590822	0.471803
2	-29.2036	14.5674	-0.861426	-0.403486	-0.515014	0.590599	0.472392
3	-29.2179	14.5608	-0.834764	-0.40363	-0.515467	0.590249	0.472215
4	-29.2563	14.5702	-0.8402	-0.403376	-0.515328	0.590676	0.472059
5	-29.3413	14.5419	-0.839974	-0.403579	-0.515257	0.590727	0.471886
6	-29.4209	14.5293	-0.838656	-0.403497	-0.515353	0.590741	0.471833
7	-29.5061	14.5046	-0.83718	-0.403716	-0.514874	0.59093	0.471933
8	-29.6242	14.4665	-0.819578	-0.403707	-0.515418	0.590362	0.472056
9	-29.7355	14.4409	-0.835372	-0.403509	-0.515128	0.590781	0.472019
10	-29.8558	14.4237	-0.815161	-0.403616	-0.515358	0.590669	0.471816
11	-30.0147	14.3695	-0.810756	-0.403576	-0.51522	0.590579	0.472114
12	-30.1691	14.3422	-0.812851	-0.403542	-0.515138	0.590832	0.471915
13	-30.3477	14.2884	-0.815313	-0.403386	-0.515153	0.590798	0.472075
14	-30.5279	14.2377	-0.791359	-0.40339	-0.51553	0.590317	0.472263
15	-30.7392	14.1864	-0.792505	-0.403543	-0.515193	0.590554	0.472202
16	-30.9439	14.1191	-0.783796	-0.403742	-0.515045	0.590587	0.472154
17	-31.1801	14.0728	-0.764543	-0.403576	-0.515397	0.590188	0.472409
18	-31.4248	14.0053	-0.771757	-0.403545	-0.515002	0.590536	0.472432
19	-31.6659	13.9408	-0.750851	-0.403699	-0.515192	0.590375	0.472295
20	-31.9502	13.8733	-0.749059	-0.403573	-0.515033	0.590475	0.472451
21	-32.2189	13.8149	-0.7339	-0.403471	-0.515441	0.590431	0.472147
22	-32.5377	13.7433	-0.717368	-0.403729	-0.515283	0.590451	0.472074
23	-32.8456	13.6525	-0.694619	-0.403832	-0.515292	0.590366	0.472081
24	-33.1815	13.5957	-0.700368	-0.403357	-0.515392	0.590652	0.472007
25	-33.5202	13.4891	-0.687047	-0.403606	-0.515233	0.590451	0.472234
26	-33.8617	13.4163	-0.655843	-0.403844	-0.515237	0.590679	0.471739
27	-34.2266	13.3234	-0.648754	-0.403564	-0.515477	0.590435	0.472023
28	-34.6229	13.2249	-0.633255	-0.403862	-0.515094	0.590783	0.471751
29	-35.0219	13.1106	-0.638276	-0.403407	-0.515102	0.590472	0.47252
30	-35.4158	13.0351	-0.613207	-0.403339	-0.515252	0.590875	0.471911
31	-35.8582	12.9169	-0.589181	-0.403568	-0.515447	0.590372	0.472131
32	-36.2967	12.809	-0.581781	-0.403592	-0.515237	0.590591	0.472067
33	-36.7354	12.7034	-0.555747	-0.403405	-0.515611	0.590374	0.472088
34	-37.2211	12.5439	-0.542626	-0.40386	-0.515057	0.590225	0.472491
35	-37.6951	12.4432	-0.530083	-0.40363	-0.51521	0.59034	0.472378
36	-38.1981	12.335	-0.508754	-0.40362	-0.515219	0.590573	0.472085
37	-38.7036	12.2081	-0.484822	-0.403495	-0.515578	0.590378	0.472044
38	-39.2358	12.0764	-0.474463	-0.403554	-0.515174	0.590569	0.472204
39	-39.7609	11.933	-0.448606	-0.40364	-0.5153	0.590329	0.472285
40	-40.3046	11.8024	-0.409208	-0.403717	-0.515602	0.590196	0.472055
41	-40.8799	11.6758	-0.401335	-0.403437	-0.515611	0.590379	0.472055
42	-41.48	11.5064	-0.382234	-0.403755	-0.515318	0.590065	0.472496
43	-42.0634	11.3654	-0.374069	-0.403852	-0.514818	0.590725	0.472133
44	-42.665	11.2138	-0.333427	-0.403949	-0.515103	0.590478	0.472048
45	-43.2967	11.0519	-0.311168	-0.403859	-0.515341	0.5901	0.472338
46	-43.9218	10.8949	-0.286719	-0.403907	-0.515288	0.590212	0.472215
47	-44.571	10.7418	-0.271649	-0.403835	-0.51521	0.590415	0.472108
48	-45.2564	10.554	-0.242054	-0.403818	-0.515308	0.589879	0.472685
49	-45.9145	10.4058	-0.215144	-0.40388	-0.515273	0.590188	0.472285
50	-46.614	10.2249	-0.196835	-0.403659	-0.515248	0.590242	0.472433
51	-47.3071	10.0634	-0.163106	-0.403865	-0.515173	0.590405	0.472134
52	-48.0462	9.87375	-0.136496	-0.404096	-0.515002	0.590415	0.47211
53	-48.7828	9.69295	-0.116602	-0.40386	-0.515121	0.590314	0.472303
54	-49.5314	9.50242	-0.0846446	-0.403898	-0.515216	0.590109	0.472431
55	-50.2967	9.30813	-0.065011	-0.403939	-0.515051	0.59005	0.472649
56	-51.0923	9.12548	-0.0225194	-0.403741	-0.515439	0.590135	0.472289
57	-51.8659	8.92978	-0.000908348	-0.403793	-0.515173	0.590332	0.472287
58	-52.6894	8.71442	0.0209287	-0.403885	-0.515038	0.590202	0.47252
59	-53.4892	8.52739	0.0700885	-0.404021	-0.515214	0.590215	0.472194
60	-54.3427	8.31027	0.0883509	-0.404108	-0.515074	0.590228	0.472257
61	-55.1709	8.09225	0.128566	-0.404049	-0.515212	0.589861	0.472616
62	-56.06	7.87997	0.160786	-0.403887	-0.515236	0.59	0.472553
63	-56.9166	7.65676	0.178465	-0.403847	-0.515031	0.590018	0.472789
64	-57.8336	7.44252	0.208577	-0.403946	-0.514994	0.590155	0.472573
65	-58.7358	7.22327	0.25921	-0.404068	-0.515231	0.589897	0.472534
66	-59.6556	6.98481	0.293757	-0.40408	-0.515168	0.59	0.472462
67	-60.6014	6.76117	0.324947	-0.403828	-0.515459	0.589819	0.472584
68	-61.5356	6.54178	0.357278	-0.403864	-0.515094	0.590386	0.472219
69	-62.4988	6.28364	0.394775	-0.403824	-0.515222	0.589897	0.472751
70	-63.4735	6.05567	0.43759	-0.403932	-0.51542	0.589932	0.4724
71	-64.4831	5.78097	0.461166	-0.403882	-0.515098	0.589731	0.473044
72	-65.4754	5.54846	0.513651	-0.404085	-0.51526	0.589841	0.472558
73	-66.5035	5.28341	0.534755	-0.404191	-0.514958	0.589806	0.472839
74	-67.5502	5.02848	0.590866	-0.404105	-0.515444	0.589573	0.472674
75	-68.5991	4.77187	0.621552	-0.404178	-0.515144	0.589785	0.472674
76	-69.6514	4.50721	0.660016	-0.404314	-0.51506	0.58988	0.47253
77	-70.7306	4.2153	0.706382	-0.405468	-0.514245	0.588282	0.474418
78	-71.8225	3.97792	0.730325	-0.406938	-0.51287	0.587456	0.475669
79	-72.926	3.73088	0.778958	-0.407952	-0.512089	0.586665	0.476618
80	-74.0512	3.44563	0.822589	-0.408749	-0.511591	0.585539	0.477853
81	-75.1942	3.19726	0.862552	-0.409368	-0.510976	0.585225	0.478367
82	-76.3417	2.92857	0.904782	-0.410044	-0.510532	0.58476	0.47884
83	-77.5152	2.66533	0.936888	-0.410295	-0.510056	0.584575	0.479347
84	-78.6854	2.40535	0.983627	-0.410588	-0.509976	0.584221	0.479612
85	-79.8778	2.15202	1.03178	-0.410854	-0.509949	0.583913	0.479788
86	-81.0984	1.88138	1.07063	-0.410511	-0.510137	0.583819	0.479997
87	-82.3196	1.60376	1.12499	-0.410893	-0.51001	0.583729	0.479914
88	-83.5516	1.33342	1.15293	-0.410507	-0.509805	0.583829	0.48034
89	-84.8031	1.0722	1.20007	-0.410714	-0.509598	0.584374	0.47972
90	-86.0453	0.775134	1.23708	-0.410645	-0.509583	0.584068	0.480167
91	-87.3272	0.506839	1.30371	-0.410781	-0.509829	0.583976	0.479902
92	-88.6104	0.224121	1.34353	-0.410835	-0.509666	0.584102	0.479876
93	-89.919	-0.0682386	1.38467	-0.410529	-0.509837	0.583814	0.480305
94	-91.2406	-0.365409	1.44076	-0.410621	-0.509839	0.583713	0.480347
95	-92.5627	-0.654629	1.47758	-0.410767	-0.50948	0.584104	0.480128
96	-93.9195	-0.946633	1.54028	-0.410902	-0.509797	0.583877	0.479954
97	-95.2614	-1.23614	1.59436	-0.410899	-0.509961	0.583945	0.479713
98	-96.6269	-1.52829	1.63816	-0.410735	-0.509706	0.584094	0.479928
99	-97.9941	-1.85919	1.67974	-0.410928	-0.509621	0.583706	0.480323
100	-99.3924	-2.14648	1.74023	-0.410776	-0.509937	0.583905	0.479878
101	-100.798	-2.46538	1.78945	-0.41096	-0.509707	0.583849	0.480032
102	-102.21	-2.771	1.85475	-0.411288	-0.509879	0.583684	0.47977
103	-103.646	-3.10932	1.89975	-0.411059	-0.509726	0.583386	0.480489
104	-105.104	-3.41544	1.9285	-0.410898	-0.509231	0.583969	0.480443
105	-106.558	-3.74477	1.99481	-0.411169	-0.509313	0.583762	0.480376
106	-108.016	-4.06417	2.05651	-0.411392	-0.509465	0.58344	0.480416
107	-109.494	-4.40194	2.10578	-0.411484	-0.509289	0.58334	0.480645
108	-110.985	-4.72815	2.1605	-0.411575	-0.509076	0.583493	0.480608
109	-112.49	-5.07075	2.22525	-0.411545	-0.509307	0.583075	0.480896
110	-114.005	-5.3914	2.27147	-0.411592	-0.509189	0.583325	0.480677
111	-115.546	-5.737	2.3248	-0.411691	-0.508994	0.583488	0.4806
112	-117.07	-6.06606	2.37313	-0.410968	-0.509269	0.584012	0.480282
113	-118.587	-6.55379	2.42775	-0.352965	-0.551234	0.629725	0.418334
114	-119.976	-7.47547	2.46495	-0.259736	-0.602243	0.684432	0.318422
115	-120.328	-9.36904	2.63238	-0.182419	-0.638208	0.711672	0.230079
116	-120.867	-10.6092	2.70043	-0.0996663	-0.658882	0.732223	0.14068
117	-121.234	-12.2511	2.67954	-0.0408913	-0.666902	0.740203	0.07529
118	-121.366	-13.8689	2.68106	-0.000552484	-0.669543	0.742164	0.0300795
119	-121.333	-15.5123	2.64923	0.0286773	-0.669543	0.742218	-0.00162237
120	-121.167	-17.1336	2.65645	0.0501706	-0.66917	0.740984	-0.0252297
121	-120.932	-18.776	2.631	0.0596364	-0.668608	0.740318	-0.0365488
122	-120.695	-20.3975	2.62413	0.0596116	-0.668695	0.74025	-0.0363669
123	-120.451	-22.0316	2.60534	0.0597094	-0.668642	0.740289	-0.0364042
124	-120.207	-23.6741	2.58255	0.0595951	-0.668656	0.740297	-0.0361542
125	-119.982	-25.314	2.56199	0.0596691	-0.668475	0.740422	-0.0368253
126	-119.725	-26.9927	2.53707	0.0593964	-0.66843	0.740499	-0.0365171
127	-119.488	-28.6557	2.53977	0.0595269	-0.668691	0.74024	-0.0367706
128	-119.214	-30.3346	2.52231	0.0592031	-0.668683	0.740292	-0.0363696
129	-118.972	-31.9961	2.49352	0.0592321	-0.668455	0.740497	-0.0362744
130	-118.71	-33.7321	2.47473	0.0593256	-0.668405	0.740528	-0.0362265
131	-118.466	-35.4168	2.47462	0.0596273	-0.66875	0.740224	-0.0358687
132	-118.221	-37.1448	2.44758	0.0592407	-0.668588	0.740354	-0.0365339
133	-117.953	-38.8841	2.43892	0.0594577	-0.668701	0.740287	-0.0357732
134	-117.708	-40.6246	2.42076	0.059414	-0.668516	0.74042	-0.0362541
135	-117.457	-42.3791	2.40378	0.0592262	-0.668777	0.740197	-0.0365769
136	-117.189	-44.1618	2.38711	0.0593021	-0.668713	0.740246	-0.0363434
137	-116.934	-45.9085	2.38046	0.0592411	-0.668864	0.740142	-0.0360798
138	-116.651	-47.6952	2.35357	0.0586797	-0.668677	0.740339	-0.0361186
139	-116.394	-49.4905	2.35748	0.0593468	-0.668996	0.740022	-0.0359153
140	-116.14	-51.3005	2.32456	0.0592188	-0.668697	0.740271	-0.0362529
141	-115.871	-53.1323	2.31504	0.0594609	-0.668901	0.740101	-0.0358819
142	-115.583	-54.9463	2.29745	0.0589797	-0.668875	0.740149	-0.0358601
143	-115.314	-56.7908	2.27434	0.0587668	-0.668911	0.740155	-0.0356949
144	-115.044	-58.6359	2.25778	0.0592497	-0.668813	0.740217	-0.0351766
145	-114.78	-60.4931	2.24811	0.0593528	-0.668983	0.740045	-0.0356681
146	-114.504	-62.3661	2.20813	0.0593663	-0.668691	0.740313	-0.0352717
147	-114.205	-64.256	2.18911	0.0586122	-0.668675	0.7404	-0.0352995
148	-113.96	-66.1538	2.17991	0.0590498	-0.668753	0.74026	-0.0357289
149	-113.683	-68.0272	2.16206	0.0590666	-0.668667	0.74035	-0.0357542
150	-113.385	-69.9581	2.13484	0.0586783	-0.668629	0.740408	-0.0355859
151	-113.089	-71.8738	2.13731	0.0589778	-0.669139	0.739981	-0.0346792
152	-112.818	-73.8057	2.12792	0.058927	-0.66903	0.740061	-0.0348658
153	-112.538	-75.732	2.0995	0.0588996	-0.669076	0.740036	-0.0348508
154	-112.26	-77.6892	2.06349	0.0557368	-0.669051	0.740448	-0.0313067
155	-112.068	-79.6646	2.06069	0.0292866	-0.669915	0.741857	-0.00231524
156	-112.063	-81.6549	2.03462	-0.00858085	-0.668936	0.742138	0.0407631
157	-112.323	-83.6032	2.03022	-0.0672462	-0.663371	0.737697	0.105925
158	-113.07	-85.5055	2.06154	-0.158038	-0.64488	0.718751	0.206224
159	-114.39	-87.0302	2.12267	-0.278679	-0.59915	0.669835	0.338641
160	-116.282	-88.0672	2.21264	-0.385255	-0.534437	0.598897	0.455247
161	-118.456	-88.4946	2.2773	-0.426302	-0.501268	0.562471	0.500623
162	-120.669	-88.8331	2.35035	-0.426729	-0.501189	0.562606	0.500187
163	-122.914	-89.1569	2.41546	-0.426646	-0.50143	0.562639	0.499978
164	-125.164	-89.513	2.45788	-0.426517	-0.501191	0.562339	0.500668
165	-127.405	-89.8645	2.52442	-0.426859	-0.501232	0.562106	0.500603
166	-129.679	-90.1913	2.60279	-0.426806	-0.501743	0.562021	0.500244
167	-131.957	-90.5338	2.65484	-0.426752	-0.501391	0.562178	0.500495
168	-134.235	-90.8878	2.71648	-0.427051	-0.501264	0.562016	0.5005
169	-136.532	-91.1885	2.76568	-0.426585	-0.501677	0.562582	0.499847
170	-138.863	-91.5455	2.81783	-0.426459	-0.501488	0.562581	0.500145
171	-141.178	-91.9151	2.88556	-0.426648	-0.501343	0.562349	0.50039
172	-143.484	-92.2605	2.94344	-0.426699	-0.501279	0.562305	0.500461
173	-145.828	-92.6078	3.01957	-0.426842	-0.501603	0.562094	0.500251
174	-148.161	-92.9663	3.07455	-0.426861	-0.501434	0.562102	0.500394
175	-150.521	-93.3092	3.13581	-0.426711	-0.501599	0.56216	0.500292
176	-152.88	-93.6547	3.21783	-0.426833	-0.502037	0.561928	0.500008
177	-155.233	-94.0027	3.27743	-0.426972	-0.501891	0.562176	0.499758
178	-157.613	-94.3429	3.34302	-0.426719	-0.502544	0.561963	0.499557
179	-159.999	-94.6922	3.38446	-0.434738	-0.494854	0.554304	0.508794
180	-162.39	-94.7152	3.46327	-0.485672	-0.444476	0.498843	0.563667
181	-164.725	-94.0948	3.53941	-0.565327	-0.337305	0.381896	0.648681
182	-166.444	-92.4971	3.62321	-0.637769	-0.172777	0.197664	0.724105
183	-167.133	-90.3923	3.64695	-0.660836	-0.0491145	0.0620719	0.746345
184	-167.465	-88.2338	3.66621	-0.661235	-0.0411743	0.0531189	0.747162
185	-167.782	-86.0899	3.70323	-0.661341	-0.0410599	0.0531138	0.747075
186	-168.091	-83.9072	3.7202	-0.661198	-0.0412112	0.0533843	0.747174
187	-168.428	-81.7323	3.75791	-0.661281	-0.0414119	0.0527252	0.747136
188	-168.734	-79.5654	3.78546	-0.66118	-0.0413535	0.0532765	0.74719
189	-169.064	-77.3799	3.82407	-0.661254	-0.0411693	0.0532339	0.747137
190	-169.385	-75.2115	3.8436	-0.661015	-0.0414785	0.0527357	0.747368
191	-169.695	-73.0432	3.89559	-0.661492	-0.0415771	0.0528036	0.746935
192	-170.016	-70.8445	3.92047	-0.661193	-0.0416515	0.0529725	0.747183
193	-170.336	-68.6309	3.94241	-0.661108	-0.0417764	0.0530443	0.747246
194	-170.677	-66.4308	3.97518	-0.661103	-0.0412671	0.0531004	0.747275
195	-170.998	-64.227	4.01449	-0.661156	-0.0419246	0.0527223	0.747219
196	-171.306	-62.0137	4.0581	-0.661412	-0.0416884	0.0535054	0.746949
197	-171.641	-59.7874	4.07941	-0.66109	-0.0416738	0.0534269	0.747241
198	-171.963	-57.5703	4.10265	-0.660896	-0.0420367	0.053388	0.747394
199	-172.29	-55.3247	4.13863	-0.661036	-0.0424737	0.0533249	0.747251
200	-172.634	-53.0725	4.17503	-0.661055	-0.0419076	0.0534418	0.747258
201	-172.959	-50.8352	4.20106	-0.661111	-0.0421785	0.0535823	0.747183
202	-173.289	-48.5657	4.23287	-0.660794	-0.0427151	0.0534008	0.747445
203	-173.667	-46.2944	4.26948	-0.660853	-0.0421019	0.0524537	0.747496
204	-174.008	-44.0254	4.31487	-0.661181	-0.0416754	0.052769	0.747207
205	-174.338	-41.7413	4.36058	-0.66132	-0.0419672	0.0528196	0.747064
206	-174.677	-39.4566	4.40073	-0.661347	-0.0420606	0.0525308	0.747055
207	-175.021	-37.1703	4.42011	-0.660928	-0.0419301	0.0525439	0.747433
208	-175.37	-34.8724	4.45335	-0.661089	-0.0418367	0.0525562	0.747295
209	-175.707	-32.5826	4.49831	-0.661198	-0.042073	0.0522611	0.747205
210	-176.032	-30.2476	4.52945	-0.661091	-0.0423827	0.0528002	0.747245
211	-176.373	-27.9354	4.57249	-0.661427	-0.0419348	0.0530836	0.746953
212	-176.718	-25.5922	4.60267	-0.661207	-0.0422803	0.0533319	0.74711
213	-177.069	-23.2625	4.6336	-0.661224	-0.0423345	0.0529837	0.747117
214	-177.401	-20.9189	4.66993	-0.661319	-0.0425086	0.0533811	0.746994
215	-177.767	-18.5607	4.70235	-0.66127	-0.0422784	0.0530173	0.747077
216	-178.125	-16.2118	4.72879	-0.661196	-0.0421319	0.0531024	0.747145
217	-178.477	-13.8592	4.77602	-0.66144	-0.0422748	0.0527568	0.746945
218	-178.812	-11.4661	4.82378	-0.661574	-0.0425296	0.0532223	0.746779
219	-179.173	-9.10598	4.85703	-0.661575	-0.0423391	0.0530666	0.7468
220	-179.528	-6.71236	4.89736	-0.661714	-0.0425465	0.0531344	0.74666
221	-179.885	-4.33111	4.93681	-0.661802	-0.0425036	0.0533367	0.74657
222	-180.24	-1.94425	4.95037	-0.661577	-0.042876	0.0530174	0.746771
223	-180.606	0.460986	5.0021	-0.661968	-0.042817	0.0527394	0.746448
224	-180.956	2.8675	5.01899	-0.661679	-0.0426067	0.0534557	0.746665
225	-181.318	5.30401	5.05783	-0.661746	-0.0424215	0.0536888	0.746599
226	-181.667	7.72584	5.09387	-0.661986	-0.042428	0.0540775	0.746358
227	-182.047	10.1564	5.13064	-0.662029	-0.0425388	0.0538416	0.746331
228	-182.403	12.5822	5.16437	-0.662068	-0.04244	0.0541069	0.746282
229	-182.778	15.012	5.18955	-0.66192	-0.042599	0.0536265	0.746439
230	-183.14	17.478	5.20197	-0.661509	-0.0427	0.0538782	0.74678
231	-183.498	19.9098	5.25815	-0.661999	-0.0423757	0.0542814	0.746334
232	-183.862	22.3623	5.28552	-0.661762	-0.0428443	0.0540636	0.746534
233	-184.223	24.8135	5.32682	-0.66204	-0.0431565	0.0539746	0.746276
234	-184.608	27.3022	5.34174	-0.66164	-0.0425244	0.0543601	0.746638
235	-184.981	29.7525	5.37104	-0.661672	-0.0424164	0.0542938	0.746621
236	-185.347	32.2226	5.41569	-0.662025	-0.0423571	0.0545663	0.746292
237	-185.726	34.7034	5.43478	-0.661605	-0.0423623	0.0545534	0.746665
238	-186.086	37.1629	5.47973	-0.66191	-0.0429796	0.0545407	0.74636
239	-186.452	39.6182	5.51991	-0.661973	-0.0429797	0.0545414	0.746304
240	-186.844	42.1006	5.55754	-0.662126	-0.0430657	0.0540655	0.746198
241	-187.229	44.5598	5.58245	-0.66208	-0.0422994	0.0541835	0.746275
242	-187.584	47.0447	5.60158	-0.661706	-0.0433517	0.0540783	0.746553
243	-187.953	49.5293	5.64539	-0.661856	-0.0428792	0.0546065	0.746409
244	-188.335	51.9683	5.68718	-0.662067	-0.0426945	0.0549091	0.746211
245	-188.707	54.4571	5.70265	-0.661713	-0.043208	0.054537	0.746521
246	-189.075	56.9496	5.74189	-0.661994	-0.0432229	0.0550659	0.746233
247	-189.447	59.4033	5.76626	-0.661723	-0.0438223	0.0548351	0.746456
248	-189.815	61.8737	5.79701	-0.661768	-0.0438642	0.0552044	0.746385
249	-190.169	64.3505	5.82887	-0.662079	-0.0389385	0.0509602	0.746686
250	-190.135	66.8368	5.83303	-0.660213	0.0835738	-0.0855663	0.741494
251	-188.322	67.6698	6.08666	-0.631641	0.250448	-0.252932	0.688717
252	-186.214	69.0742	5.96227	-0.565235	0.384245	-0.405964	0.606678
253	-183.925	69.8258	5.87224	-0.54519	0.413591	-0.439477	0.581868
254	-181.605	70.5154	5.75844	-0.544858	0.413959	-0.439326	0.582031
255	-179.289	71.1892	5.65808	-0.545306	0.413514	-0.439452	0.581833
256	-176.994	71.8704	5.55787	-0.545263	0.413568	-0.439314	0.58194
257	-174.682	72.5576	5.44509	-0.545298	0.413621	-0.439431	0.58178
258	-172.382	73.2278	5.35679	-0.545527	0.413777	-0.438961	0.581809
259	-170.063	73.9135	5.25423	-0.54566	0.413768	-0.438819	0.581798
260	-167.772	74.5928	5.13875	-0.545783	0.413411	-0.439317	0.581565
261	-165.457	75.2857	5.02047	-0.545479	0.413381	-0.439376	0.581843
262	-163.167	75.9678	4.90872	-0.545638	0.413178	-0.43989	0.581428
263	-160.873	76.6543	4.8115	-0.545752	0.413274	-0.439823	0.581304
264	-158.585	77.3202	4.70271	-0.545658	0.413266	-0.439306	0.581789
265	-156.294	78.022	4.59045	-0.545299	0.413425	-0.43972	0.581701
266	-153.99	78.6869	4.48777	-0.54575	0.413305	-0.439554	0.581487
267	-151.704	79.3667	4.38641	-0.54578	0.413184	-0.439595	0.581515
268	-149.411	80.0452	4.28216	-0.545961	0.413377	-0.439431	0.581331
269	-147.126	80.7264	4.18071	-0.545603	0.413845	-0.43894	0.581705
270	-144.827	81.4006	4.06589	-0.545883	0.413471	-0.439286	0.581448
271	-142.542	82.072	3.95749	-0.545997	0.413411	-0.439209	0.581441
272	-140.257	82.7377	3.84901	-0.545899	0.413392	-0.438837	0.581827
273	-137.973	83.4269	3.72899	-0.545796	0.413159	-0.439244	0.581783
274	-135.683	84.0967	3.63224	-0.545876	0.413463	-0.438751	0.581864
275	-133.42	84.7825	3.5224	-0.545881	0.413315	-0.43917	0.581648
276	-131.129	85.4393	3.4077	-0.546143	0.41277	-0.438864	0.58202
277	-128.83	86.1484	3.28563	-0.545652	0.413047	-0.43935	0.581922
278	-126.536	86.8197	3.19451	-0.546049	0.413174	-0.439065	0.581692
279	-124.228	87.495	3.08963	-0.54621	0.412825	-0.438912	0.581882
280	-121.955	88.1686	2.99778	-0.54641	0.412991	-0.438614	0.5818
281	-119.66	88.8592	2.89099	-0.54624	0.413209	-0.438594	0.581821
282	-117.352	89.548	2.76451	-0.546112	0.413055	-0.438795	0.581899
283	-115.052	90.2281	2.65684	-0.546247	0.41284	-0.438804	0.581918
284	-112.764	90.9064	2.56352	-0.546471	0.413081	-0.438522	0.581749
285	-110.474	91.5875	2.4532	-0.546804	0.412688	-0.438605	0.581652
286	-108.207	92.2774	2.34911	-0.546925	0.412779	-0.438826	0.581307
287	-105.907	92.9452	2.22729	-0.546545	0.412805	-0.438377	0.581985
288	-103.595	93.6327	2.1159	-0.5467	0.412687	-0.4383	0.581981
289	-101.292	94.3107	1.9989	-0.546536	0.412549	-0.43816	0.582338
290	-98.9988	95.0195	1.88781	-0.546696	0.412481	-0.438904	0.581675
291	-96.6948	95.7265	1.77782	-0.546484	0.412897	-0.438967	0.581533
292	-94.423	96.4089	1.67213	-0.5466	0.412813	-0.439048	0.581421
293	-92.1312	97.073	1.56298	-0.546529	0.413015	-0.438375	0.581852
294	-89.8372	97.762	1.44348	-0.546755	0.412341	-0.438972	0.581667
295	-87.5747	98.4208	1.34909	-0.54684	0.412769	-0.438391	0.58172
296	-85.2934	99.1188	1.22203	-0.546468	0.412547	-0.438937	0.581806
297	-83.0165	99.8047	1.13178	-0.546677	0.412953	-0.438769	0.58146
298	-80.7304	100.494	1.01549	-0.54665	0.412653	-0.439131	0.581426
299	-78.4621	101.159	0.913776	-0.546833	0.412514	-0.438805	0.581598
300	-76.1934	101.845	0.806594	-0.546642	0.412846	-0.43865	0.581659
301	-73.916	102.517	0.690463	-0.546918	0.412565	-0.438992	0.58134
302	-71.6506	103.192	0.574177	-0.54679	0.412282	-0.439048	0.581619
303	-69.4188	103.874	0.466816	-0.546519	0.41251	-0.439191	0.581605
304	-67.1586	104.542	0.374317	-0.546797	0.412802	-0.438637	0.581554
305	-64.9105	105.232	0.262926	-0.546554	0.413021	-0.439127	0.581257
306	-62.6516	105.91	0.132458	-0.546487	0.412696	-0.439235	0.58147
307	-60.4364	106.563	0.0233613	-0.546254	0.41256	-0.439306	0.581732
308	-58.2139	107.231	-0.0871129	-0.546152	0.412549	-0.439405	0.58176
309	-55.9896	107.899	-0.185959	-0.546231	0.412754	-0.43915	0.581732
310	-53.781	108.566	-0.280273	-0.546265	0.412909	-0.439402	0.581401
311	-51.5443	109.226	-0.388759	-0.546597	0.412528	-0.439567	0.581235
312	-49.3415	109.894	-0.487073	-0.546414	0.412891	-0.439524	0.581181
313	-47.1094	110.535	-0.603625	-0.546479	0.412302	-0.439448	0.581597
314	-44.9222	111.202	-0.72154	-0.546078	0.41237	-0.439721	0.581722
315	-42.72	111.824	-0.831004	-0.546084	0.412342	-0.43901	0.582289
316	-40.5419	112.511	-0.927356	-0.545891	0.412732	-0.439574	0.581747
317	-38.3515	113.139	-1.03179	-0.546043	0.412414	-0.439137	0.58216
318	-36.1559	113.801	-1.12764	-0.546043	0.412524	-0.439022	0.582168
319	-33.9794	114.502	-1.2137	-0.545901	0.413136	-0.440084	0.581065
320	-31.7911	115.088	-1.3361	-0.528824	0.43448	-0.464879	0.561659
321	-29.558	115.098	-1.45803	0.431418	-0.530213	0.576211	-0.448033
322	-27.4657	114.139	-1.67966	0.313902	-0.59951	0.663633	-0.318822
323	-25.7246	112.496	-1.70599	0.230506	-0.63374	0.703544	-0.224216
324	-24.4296	110.488	-1.7701	0.179032	-0.647526	0.721828	-0.166244
325	-23.405	108.324	-1.80134	0.145005	-0.654374	0.730878	-0.128787
326	-22.5466	106.104	-1.80411	0.121162	-0.658754	0.735447	-0.102453
327	-21.8121	103.86	-1.81193	0.113591	-0.659738	0.736877	-0.0941031
328	-21.1287	101.623	-1.81952	0.113699	-0.659909	0.736661	-0.0945465
329	-20.4036	99.4021	-1.83609	0.113702	-0.659693	0.736909	-0.0940314
330	-19.6727	97.174	-1.86129	0.113448	-0.659376	0.737345	-0.0932271
331	-18.9697	94.9476	-1.85945	0.113556	-0.659482	0.737253	-0.0929857
332	-18.2706	92.7198	-1.87637	0.113624	-0.6595	0.737246	-0.0929154
333	-17.5475	90.5241	-1.89191	0.113063	-0.65951	0.737398	-0.0922377
334	-16.8653	88.3195	-1.89205	0.113241	-0.659703	0.737234	-0.0920332
335	-16.1655	86.1341	-1.89799	0.113201	-0.659595	0.737331	-0.0919934
336	-15.499	83.956	-1.88167	0.113013	-0.66009	0.736888	-0.0923106
337	-14.8237	81.7609	-1.91073	0.11344	-0.659609	0.737226	-0.0924409
338	-14.1186	79.5629	-1.92411	0.113085	-0.65968	0.737276	-0.0920462
339	-13.4448	77.3853	-1.93458	0.113329	-0.659818	0.737117	-0.0919528
340	-12.7503	75.2145	-1.95033	0.112679	-0.659616	0.737373	-0.0922362
341	-12.0682	73.0295	-1.96978	0.112937	-0.659408	0.737547	-0.0919341
342	-11.3605	70.9092	-1.9343	0.11276	-0.660142	0.737058	-0.0908829
343	-10.6844	68.7653	-1.97009	0.112017	-0.659813	0.737426	-0.0911121
344	-10.0324	66.6391	-1.98158	0.112071	-0.65971	0.737528	-0.0910491
345	-9.35259	64.5261	-2.02304	0.111971	-0.65928	0.737993	-0.090433
346	-8.68083	62.4156	-2.01376	0.111379	-0.659555	0.737858	-0.0903469
347	-8.02466	60.3261	-2.04813	0.111078	-0.659077	0.738368	-0.0899498
348	-7.37538	58.256	-2.03216	0.110914	-0.659587	0.737982	-0.0896693
349	-6.7212	56.1727	-2.04172	0.110415	-0.659549	0.738136	-0.0892104
350	-6.08816	54.1402	-2.03407	0.109579	-0.659705	0.738042	-0.0899523
351	-5.45133	52.0977	-2.0313	0.109935	-0.659898	0.737937	-0.0888685
352	-4.83516	50.0783	-2.04967	0.10952	-0.659675	0.738241	-0.0886004
353	-4.24968	48.0634	-2.06603	0.109154	-0.659323	0.738498	-0.0894428
354	-3.61062	46.0554	-2.08714	0.108998	-0.659137	0.738818	-0.0884422
355	-3.00706	44.0866	-2.08369	0.109126	-0.659231	0.738736	-0.0881756
356	-2.3919	42.1299	-2.10222	0.108507	-0.658883	0.739182	-0.0878892
357	-1.76953	40.1655	-2.10595	0.108312	-0.659056	0.739147	-0.0870418
358	-1.19692	38.2394	-2.10476	0.108039	-0.658915	0.739346	-0.0868351
359	-0.569125	36.3284	-2.10741	0.107239	-0.659103	0.73944	-0.0855056
360	0.00561614	34.4168	-2.10503	0.106994	-0.659201	0.739404	-0.085457
361	0.603487	32.5147	-2.10459	0.106317	-0.659225	0.73959	-0.0844116
362	1.15296	30.6346	-2.12771	0.106102	-0.658875	0.739927	-0.0845541
363	1.72277	28.7474	-2.11857	0.105566	-0.658855	0.740105	-0.0837305
364	2.09183	26.861	-2.13594	0.0277003	-0.663138	0.747993	0.00189238
365	1.89285	25.0461	-2.08615	-0.104948	-0.65073	0.7374	0.147571
366	1.01981	23.278	-2.02214	-0.236911	-0.611485	0.696501	0.291309
367	-0.455258	22.0593	-1.9725	-0.319644	-0.57085	0.652674	0.382066
368	-2.14039	21.2242	-1.89769	-0.368052	-0.540675	0.619543	0.434043
369	-3.9226	20.6371	-1.82124	-0.398137	-0.518955	0.596088	0.465674
370	-5.68741	20.1801	-1.74558	-0.407745	-0.511637	0.587501	0.476271
371	-7.46661	19.7562	-1.68413	-0.407752	-0.51149	0.58733	0.476614
372	-9.23024	19.3377	-1.61964	-0.407963	-0.511233	0.587445	0.476588
373	-10.9862	18.9214	-1.54623	-0.408073	-0.511317	0.587048	0.47687
374	-12.7137	18.5234	-1.4599	-0.408396	-0.511628	0.586831	0.47655
375	-14.4337	18.1255	-1.4115	-0.407907	-0.51145	0.586889	0.477067
376	-16.1474	17.7186	-1.35274	-0.408291	-0.511149	0.586783	0.477212
377	-17.8397	17.3222	-1.27849	-0.408474	-0.511241	0.586597	0.477163
378	-19.5235	16.9352	-1.2175	-0.408378	-0.511236	0.586508	0.477382
379	-21.2049	16.5469	-1.15947	-0.408591	-0.510985	0.586542	0.477405
380	-22.8653	16.1588	-1.09357	-0.408492	-0.511077	0.586291	0.477722
381	-24.5282	15.7707	-1.03466	-0.40879	-0.510891	0.586265	0.477676
382	-26.1595	15.3969	-0.947234	-0.409071	-0.511248	0.585978	0.477427
383	-27.7984	15.0209	-0.910961	-0.408739	-0.510846	0.586198	0.477851
384	-29.4012	14.6437	-0.844009	-0.409027	-0.510767	0.586103	0.477827
385	-31.0119	14.2821	-0.780679	-0.408911	-0.511009	0.585909	0.477882
386	-32.592	13.9148	-0.713715	-0.408963	-0.51114	0.585789	0.477868
387	-34.196	13.5431	-0.659079	-0.409044	-0.510948	0.585766	0.478009
388	-35.7399	13.1832	-0.607451	-0.409169	-0.510754	0.585754	0.478147
389	-37.2943	12.8373	-0.538077	-0.40914	-0.510889	0.585837	0.477903
390	-38.8265	12.4932	-0.489352	-0.409125	-0.510792	0.585914	0.477947
391	-40.338	12.1441	-0.429441	-0.40912	-0.51092	0.58564	0.47813
392	-41.8678	11.8078	-0.364326	-0.409181	-0.511166	0.585562	0.477932
393	-43.3534	11.4634	-0.321798	-0.409	-0.510889	0.58573	0.478154
394	-44.8461	11.1165	-0.256452	-0.409386	-0.510866	0.585484	0.478172
395	-46.3315	10.7901	-0.225074	-0.409121	-0.510644	0.585847	0.478169
396	-47.7754	10.4618	-0.151808	-0.409103	-0.511014	0.58555	0.478175
397	-49.2222	10.1317	-0.0963042	-0.409305	-0.510907	0.585644	0.47798
398	-50.6608	9.802	-0.0465167	-0.409359	-0.510898	0.585579	0.478044
399	-52.0897	9.48427	0.00376039	-0.409324	-0.51084	0.585652	0.478025
400	-53.4775	9.15394	0.0589231	-0.409344	-0.510973	0.58529	0.478331
401	-54.888	8.84468	0.107769	-0.409348	-0.5108	0.585588	0.478125
402	-56.2574	8.51797	0.16671	-0.409383	-0.511031	0.585004	0.478586
403	-57.6177	8.21014	0.214061	-0.409484	-0.510961	0.58518	0.478336
404	-58.9877	7.9078	0.249717	-0.409283	-0.510781	0.585354	0.47851
405	-60.324	7.60925	0.30538	-0.409438	-0.510955	0.585278	0.478262
406	-61.6537	7.29598	0.351079	-0.409458	-0.510784	0.58517	0.478582
407	-62.9765	7.01921	0.394508	-0.409496	-0.510513	0.585766	0.478087
408	-64.282	6.71336	0.437355	-0.40914	-0.510822	0.585313	0.478638
409	-65.5629	6.4101	0.487568	-0.409377	-0.510615	0.585231	0.478735
410	-66.8374	6.14762	0.552927	-0.409374	-0.510933	0.585339	0.478288
411	-68.1028	5.85171	0.595394	-0.409306	-0.511021	0.585155	0.478456
412	-69.3449	5.55069	0.634039	-0.409621	-0.510643	0.585118	0.478656
413	-70.5934	5.28529	0.688163	-0.409475	-0.510989	0.58499	0.478547
414	-71.8072	5.01371	0.737567	-0.409329	-0.511123	0.585323	0.478144
415	-72.9962	4.72762	0.773555	-0.409012	-0.511188	0.585576	0.478015
416	-74.2094	4.46747	0.82405	-0.408742	-0.511584	0.585973	0.477356
417	-75.3932	4.19612	0.861472	-0.408609	-0.511632	0.586253	0.477052
418	-76.549	3.93105	0.883777	-0.407752	-0.511857	0.586642	0.477088
419	-77.7	3.65182	0.938773	-0.407912	-0.512045	0.586369	0.477063
420	-78.8494	3.38421	0.976447	-0.407563	-0.51223	0.586564	0.476945
421	-79.9562	3.11599	1.01832	-0.407635	-0.512149	0.586626	0.476872
422	-81.0836	2.86038	1.06281	-0.407693	-0.512282	0.586862	0.476411
423	-82.1487	2.61917	1.10225	-0.407274	-0.512528	0.586713	0.476667
424	-83.2429	2.34728	1.13379	-0.407297	-0.512381	0.586909	0.476584
425	-84.305	2.10996	1.18492	-0.406983	-0.51275	0.586997	0.476326
426	-85.3542	1.85062	1.21764	-0.407246	-0.512646	0.586946	0.476298
427	-86.3891	1.62265	1.25742	-0.406848	-0.512841	0.587153	0.476151
428	-87.4167	1.36969	1.29771	-0.406949	-0.512765	0.587093	0.476242
429	-88.415	1.13415	1.32423	-0.40687	-0.512743	0.587055	0.476359
430	-89.4074	0.895687	1.36432	-0.407018	-0.512744	0.587313	0.475936
431	-90.3701	0.667903	1.39633	-0.407109	-0.512514	0.587462	0.4759
432	-91.3573	0.450737	1.42157	-0.40673	-0.512679	0.587842	0.475597
433	-92.3035	0.212904	1.48034	-0.406841	-0.513026	0.587269	0.475815
434	-93.2509	-0.000913591	1.49545	-0.406597	-0.512931	0.587507	0.475854
435	-94.1723	-0.22161	1.53711	-0.406873	-0.5129	0.587771	0.475304
436	-95.0704	-0.431774	1.58021	-0.406891	-0.513041	0.58761	0.475356
437	-95.9683	-0.628793	1.6056	-0.406422	-0.513298	0.587767	0.475264
438	-96.8556	-0.83861	1.64159	-0.406475	-0.513347	0.587753	0.475205
439	-97.7137	-1.05283	1.66612	-0.406667	-0.513073	0.587995	0.475015
440	-98.544	-1.25769	1.69334	-0.406291	-0.513194	0.587757	0.475523
441	-99.4318	-1.55476	1.69907	-0.406869	-0.51242	0.587256	0.476459
442	-100.362	-1.78285	1.71424	-0.406483	-0.512364	0.587428	0.476659
443	-101.17	-1.97079	1.74133	-0.406601	-0.512355	0.587601	0.476333
444	-101.857	-2.26	1.84812	-0.407701	-0.512526	0.58589	0.477337
445	-102.711	-2.47416	1.90224	-0.407589	-0.512647	0.585634	0.477595
446	-103.545	-2.70758	1.93869	-0.407798	-0.512641	0.585336	0.477811
447	-104.457	-2.94525	1.89654	-0.406883	-0.512234	0.585603	0.478677
448	-105.286	-3.11054	1.9077	-0.40734	-0.511888	0.586436	0.477659
449	-105.948	-3.29773	1.94238	-0.40745	-0.511757	0.586132	0.478057
450	-106.714	-3.45606	1.98845	-0.407246	-0.511966	0.58641	0.477687
451	-107.502	-3.6975	2.0027	-0.407473	-0.511746	0.585835	0.478413
452	-108.195	-3.83575	1.9931	-0.406836	-0.511537	0.586556	0.478316
453	-108.946	-4.07452	2.01299	-0.406918	-0.511418	0.585741	0.479351
454	-109.817	-4.24115	1.96916	-0.406426	-0.510502	0.587152	0.47904
455	-110.616	-4.39914	1.94013	-0.405677	-0.510049	0.588015	0.479077
456	-111.235	-4.52249	1.94492	-0.405684	-0.509981	0.588308	0.478804
457	-111.913	-4.63031	1.91776	-0.404828	-0.509784	0.589352	0.478434
458	-112.47	-4.74871	1.94212	-0.404906	-0.509542	0.589605	0.478335
459	-112.913	-4.84361	2.02242	-0.405114	-0.510358	0.588883	0.478157
460	-113.389	-5.01097	2.07669	-0.405771	-0.510344	0.588107	0.478592
461	-113.95	-5.01436	2.09586	-0.405163	-0.510809	0.589528	0.476838
462	-114.483	-5.15761	2.13648	-0.40539	-0.51103	0.589198	0.476836
463	-115.122	-5.28149	2.10324	-0.404813	-0.510376	0.590242	0.476715
464	-115.839	-5.40071	2.05103	-0.404096	-0.509563	0.591754	0.47634
465	-116.287	-5.53206	2.17105	-0.404522	-0.510609	0.590689	0.47616
466	-116.731	-5.6051	2.22926	-0.404586	-0.511016	0.590849	0.47549
467	-117.177	-5.76432	2.27188	-0.405084	-0.510954	0.590091	0.476051
468	-117.423	-5.89742	2.36805	-0.406306	-0.511533	0.588498	0.476383
469	-117.927	-5.97184	2.39315	-0.405943	-0.511572	0.589192	0.475769
470	-118.503	-6.15352	2.35121	-0.405468	-0.51082	0.589182	0.477016
471	-119.047	-6.26256	2.3088	-0.404644	-0.510216	0.590293	0.476966
472	-119.54	-6.44033	2.23859	-0.403911	-0.50874	0.590572	0.478838
473	-120.027	-6.55218	2.24666	-0.403641	-0.508949	0.590777	0.478567
474	-120.472	-6.67422	2.27312	-0.403522	-0.508855	0.590508	0.479121
475	-120.975	-6.73384	2.28251	-0.402644	-0.508882	0.591769	0.478254
476	-121.312	-6.77967	2.26814	-0.402257	-0.508717	0.592114	0.478349
477	-121.803	-6.7525	2.19682	-0.400882	-0.508325	0.594946	0.47638
478	-122.067	-6.81595	2.20402	-0.400638	-0.50825	0.594823	0.476841
479	-122.45	-6.8803	2.21204	-0.399995	-0.508296	0.595363	0.476636
480	-122.876	-7.01612	2.15549	-0.399301	-0.507152	0.595874	0.477818
481	-123.101	-7.08277	2.24135	-0.400209	-0.507744	0.595256	0.477177
482	-123.397	-7.08324	2.32763	-0.400425	-0.50888	0.59552	0.475476
483	-123.489	-7.11541	2.40205	-0.401018	-0.509563	0.59484	0.475075
484	-123.671	-7.27183	2.48345	-0.402342	-0.50971	0.592867	0.476283
485	-123.824	-7.28341	2.57679	-0.403012	-0.510702	0.592449	0.475151
486	-123.989	-7.30751	2.58628	-0.403262	-0.510741	0.592937	0.47431
487	-124.145	-7.35813	2.59657	-0.403166	-0.510988	0.592276	0.474928
488	-124.296	-7.40227	2.59031	-0.403205	-0.5107	0.592414	0.475055
489	-124.46	-7.42593	2.60983	-0.40305	-0.510951	0.592594	0.47467
490	-124.583	-7.46535	2.60444	-0.403119	-0.510623	0.592684	0.474874
491	-124.691	-7.47328	2.62433	-0.403169	-0.511077	0.59263	0.474388
492	-124.794	-7.50327	2.62828	-0.403255	-0.511038	0.592554	0.474474
493	-124.881	-7.51509	2.63823	-0.403178	-0.511182	0.592611	0.474292
494	-124.97	-7.53446	2.62591	-0.402533	-0.511224	0.5926	0.474829
495	-125.042	-7.57188	2.62222	-0.403174	-0.510507	0.592679	0.474937
496	-125.095	-7.57383	2.63615	-0.403102	-0.510973	0.592645	0.47456
497	-125.15	-7.57903	2.62062	-0.402696	-0.510741	0.592987	0.474706
498	-125.152	-7.60541	2.63921	-0.403249	-0.510901	0.592239	0.47502
499	-125.184	-7.5804	2.64229	-0.402846	-0.510934	0.593037	0.474309
500	-125.181	-7.5998	2.63572	-0.403015	-0.51065	0.592828	0.474753
